Cards  Prob
0 0 0.0
0 0 0.0
0 0 0.34892649
0 0 0.0
0 0 0.0
0 0 0.0
0 0 0.0
0 0 0.0
0 0 0.0
0 0 0.0
0 0 0.0
0 0 0.0
0 0 0.0
0 0 0.0
0 0 0.0
0 0 0.0
0 0 0.0
0 0 0.0
0 0 0.0
0 0 0.0
0 1 0.0
0 1 0.0
0 1 0.17522596000000001
0 1 0.0
0 1 0.0
0 1 0.0
0 1 0.0
0 1 0.0
0 1 0.0
0 1 0.0
0 1 0.0
0 1 0.0
0 1 0.0
0 1 0.0
0 1 0.0
0 1 0.0
0 1 0.0
0 1 0.0
0 1 0.0
0 1 0.0
0 2 0.0
0 2 0.0
0 2 0.17172736
0 2 0.0
0 2 0.0
0 2 0.0
0 2 0.0
0 2 0.0
0 2 0.0
0 2 0.0
0 2 0.0
0 2 0.0
0 2 0.0
0 2 0.0
0 2 0.0
0 2 0.0
0 2 0.0
0 2 0.0
0 2 0.0
0 2 0.0
0 3 0.0
0 3 0.0
0 3 0.18173169
0 3 0.0
0 3 0.0
0 3 0.0
0 3 0.0
0 3 0.0
0 3 0.0
0 3 0.0
0 3 0.0
0 3 0.0
0 3 0.0
0 3 0.0
0 3 0.0
0 3 0.0
0 3 0.0
0 3 0.0
0 3 0.0
0 3 0.0
0 4 0.0
0 4 0.0
0 4 0.18481401
0 4 0.0
0 4 0.0
0 4 0.0
0 4 0.0
0 4 0.0
0 4 0.0
0 4 0.0
0 4 0.0
0 4 0.0
0 4 0.0
0 4 0.0
0 4 0.0
0 4 0.0
0 4 0.0
0 4 0.0
0 4 0.0
0 4 0.0
0 5 0.0
0 5 0.0
0 5 0.18601969000000002
0 5 0.0
0 5 0.0
0 5 0.0
0 5 0.0
0 5 0.0
0 5 0.0
0 5 0.0
0 5 0.0
0 5 0.0
0 5 0.0
0 5 0.0
0 5 0.0
0 5 0.0
0 5 0.0
0 5 0.0
0 5 0.0
0 5 0.0
0 6 0.0
0 6 0.0
0 6 0.20539024
0 6 0.0
0 6 0.0
0 6 0.0
0 6 0.0
0 6 0.0
0 6 0.0
0 6 0.0
0 6 0.0
0 6 0.0
0 6 0.0
0 6 0.0
0 6 0.0
0 6 0.0
0 6 0.0
0 6 0.0
0 6 0.0
0 6 0.0
0 7 0.0
0 7 0.0
0 7 0.22372899999999998
0 7 0.0
0 7 0.0
0 7 0.0
0 7 0.0
0 7 0.0
0 7 0.0
0 7 0.0
0 7 0.0
0 7 0.0
0 7 0.0
0 7 0.0
0 7 0.0
0 7 0.0
0 7 0.0
0 7 0.0
0 7 0.0
0 7 0.0
0 8 0.0
0 8 0.0
0 8 0.24552025
0 8 0.0
0 8 0.0
0 8 0.0
0 8 0.0
0 8 0.0
0 8 0.0
0 8 0.0
0 8 0.0
0 8 0.0
0 8 0.0
0 8 0.0
0 8 0.0
0 8 0.0
0 8 0.0
0 8 0.0
0 8 0.0
0 8 0.0
0 9 0.0
0 9 0.0
0 9 0.27520515999999995
0 9 0.0
0 9 0.0
0 9 0.0
0 9 0.0
0 9 0.0
0 9 0.0
0 9 0.0
0 9 0.0
0 9 0.0
0 9 0.0
0 9 0.0
0 9 0.0
0 9 0.0
0 9 0.0
0 9 0.0
0 9 0.0
0 9 0.0
0 10 0.0
0 10 0.0
0 10 0.29311396
0 10 0.0
0 10 0.0
0 10 0.0
0 10 0.0
0 10 0.0
0 10 0.0
0 10 0.0
0 10 0.0
0 10 0.0
0 10 0.0
0 10 0.0
0 10 0.0
0 10 0.0
0 10 0.0
0 10 0.0
0 10 0.0
0 10 0.0
0 11 0.0
0 11 0.0
0 11 0.32444416
0 11 0.0
0 11 0.0
0 11 0.0
0 11 0.0
0 11 0.0
0 11 0.0
0 11 0.0
0 11 0.0
0 11 0.0
0 11 0.0
0 11 0.0
0 11 0.0
0 11 0.0
0 11 0.0
0 11 0.0
0 11 0.0
0 11 0.0
0 12 0.0
0 12 0.0
0 12 0.37920964
0 12 0.0
0 12 0.0
0 12 0.0
0 12 0.0
0 12 0.0
0 12 0.0
0 12 0.0
0 12 0.0
0 12 0.0
0 12 0.0
0 12 0.0
0 12 0.0
0 12 0.0
0 12 0.0
0 12 0.0
0 12 0.0
0 12 0.0
0 13 0.0
0 13 0.0
0 13 0.0
0 13 0.0
0 13 0.0
0 13 0.0
0 13 0.0
0 13 0.0
0 13 0.0
0 13 0.0
0 13 0.0
0 13 0.0
0 13 0.0
0 13 0.0
0 13 0.0
0 13 0.0
0 13 0.0
0 13 0.0
0 13 0.0
0 13 0.0
1 0 0.0
1 0 0.0
1 0 0.0
1 0 0.0
1 0 0.0
1 0 0.0
1 0 0.0
1 0 0.0
1 0 0.0
1 0 0.0
1 0 0.0
1 0 0.0
1 0 0.0
1 0 0.0
1 0 0.0
1 0 0.0
1 0 0.0
1 0 0.0
1 0 0.0
1 0 0.0
1 1 0.0
1 1 0.0
1 1 0.37307664
1 1 0.0
1 1 0.0
1 1 0.0
1 1 0.0
1 1 0.0
1 1 0.0
1 1 0.0
1 1 0.0
1 1 0.0
1 1 0.0
1 1 0.0
1 1 0.0
1 1 0.0
1 1 0.0
1 1 0.0
1 1 0.0
1 1 0.0
1 2 0.0
1 2 0.0
1 2 0.19070689
1 2 0.0
1 2 0.0
1 2 0.0
1 2 0.0
1 2 0.0
1 2 0.0
1 2 0.0
1 2 0.0
1 2 0.0
1 2 0.0
1 2 0.0
1 2 0.0
1 2 0.0
1 2 0.0
1 2 0.0
1 2 0.0
1 2 0.0
1 3 0.0
1 3 0.0
1 3 0.20620681
1 3 0.0
1 3 0.0
1 3 0.0
1 3 0.0
1 3 0.0
1 3 0.0
1 3 0.0
1 3 0.0
1 3 0.0
1 3 0.0
1 3 0.0
1 3 0.0
1 3 0.0
1 3 0.0
1 3 0.0
1 3 0.0
1 3 0.0
1 4 0.0
1 4 0.0
1 4 0.20007729
1 4 0.0
1 4 0.0
1 4 0.0
1 4 0.0
1 4 0.0
1 4 0.0
1 4 0.0
1 4 0.0
1 4 0.0
1 4 0.0
1 4 0.0
1 4 0.0
1 4 0.0
1 4 0.0
1 4 0.0
1 4 0.0
1 4 0.0
1 5 0.0
1 5 0.0
1 5 0.20151121000000002
1 5 0.0
1 5 0.0
1 5 0.0
1 5 0.0
1 5 0.0
1 5 0.0
1 5 0.0
1 5 0.0
1 5 0.0
1 5 0.0
1 5 0.0
1 5 0.0
1 5 0.0
1 5 0.0
1 5 0.0
1 5 0.0
1 5 0.0
1 6 0.0
1 6 0.0
1 6 0.20394256
1 6 0.0
1 6 0.0
1 6 0.0
1 6 0.0
1 6 0.0
1 6 0.0
1 6 0.0
1 6 0.0
1 6 0.0
1 6 0.0
1 6 0.0
1 6 0.0
1 6 0.0
1 6 0.0
1 6 0.0
1 6 0.0
1 6 0.0
1 7 0.0
1 7 0.0
1 7 0.23639044
1 7 0.0
1 7 0.0
1 7 0.0
1 7 0.0
1 7 0.0
1 7 0.0
1 7 0.0
1 7 0.0
1 7 0.0
1 7 0.0
1 7 0.0
1 7 0.0
1 7 0.0
1 7 0.0
1 7 0.0
1 7 0.0
1 7 0.0
1 8 0.0
1 8 0.0
1 8 0.25765776000000007
1 8 0.0
1 8 0.0
1 8 0.0
1 8 0.0
1 8 0.0
1 8 0.0
1 8 0.0
1 8 0.0
1 8 0.0
1 8 0.0
1 8 0.0
1 8 0.0
1 8 0.0
1 8 0.0
1 8 0.0
1 8 0.0
1 8 0.0
1 9 0.0
1 9 0.0
1 9 0.28164248999999997
1 9 0.0
1 9 0.0
1 9 0.0
1 9 0.0
1 9 0.0
1 9 0.0
1 9 0.0
1 9 0.0
1 9 0.0
1 9 0.0
1 9 0.0
1 9 0.0
1 9 0.0
1 9 0.0
1 9 0.0
1 9 0.0
1 9 0.0
1 10 0.0
1 10 0.0
1 10 0.30151081
1 10 0.0
1 10 0.0
1 10 0.0
1 10 0.0
1 10 0.0
1 10 0.0
1 10 0.0
1 10 0.0
1 10 0.0
1 10 0.0
1 10 0.0
1 10 0.0
1 10 0.0
1 10 0.0
1 10 0.0
1 10 0.0
1 10 0.0
1 11 0.0
1 11 0.0
1 11 0.32684089
1 11 0.0
1 11 0.0
1 11 0.0
1 11 0.0
1 11 0.0
1 11 0.0
1 11 0.0
1 11 0.0
1 11 0.0
1 11 0.0
1 11 0.0
1 11 0.0
1 11 0.0
1 11 0.0
1 11 0.0
1 11 0.0
1 11 0.0
1 12 0.0
1 12 0.0
1 12 0.37859408999999994
1 12 0.0
1 12 0.0
1 12 0.0
1 12 0.0
1 12 0.0
1 12 0.0
1 12 0.0
1 12 0.0
1 12 0.0
1 12 0.0
1 12 0.0
1 12 0.0
1 12 0.0
1 12 0.0
1 12 0.0
1 12 0.0
1 12 0.0
1 13 0.0
1 13 0.0
1 13 0.0
1 13 0.0
1 13 0.0
1 13 0.0
1 13 0.0
1 13 0.0
1 13 0.0
1 13 0.0
1 13 0.0
1 13 0.0
1 13 0.0
1 13 0.0
1 13 0.0
1 13 0.0
1 13 0.0
1 13 0.0
1 13 0.0
1 13 0.0
2 0 0.0
2 0 0.0
2 0 0.0
2 0 0.0
2 0 0.0
2 0 0.0
2 0 0.0
2 0 0.0
2 0 0.0
2 0 0.0
2 0 0.0
2 0 0.0
2 0 0.0
2 0 0.0
2 0 0.0
2 0 0.0
2 0 0.0
2 0 0.0
2 0 0.0
2 0 0.0
2 1 0.0
2 1 0.0
2 1 0.0
2 1 0.0
2 1 0.0
2 1 0.0
2 1 0.0
2 1 0.0
2 1 0.0
2 1 0.0
2 1 0.0
2 1 0.0
2 1 0.0
2 1 0.0
2 1 0.0
2 1 0.0
2 1 0.0
2 1 0.0
2 1 0.0
2 1 0.0
2 2 0.0
2 2 0.0
2 2 0.3989185600000001
2 2 0.0
2 2 0.0
2 2 0.0
2 2 0.0
2 2 0.0
2 2 0.0
2 2 0.0
2 2 0.0
2 2 0.0
2 2 0.0
2 2 0.0
2 2 0.0
2 2 0.0
2 2 0.0
2 2 0.0
2 2 0.0
2 2 0.0
2 3 0.0
2 3 0.0
2 3 0.20043529
2 3 0.0
2 3 0.0
2 3 0.0
2 3 0.0
2 3 0.0
2 3 0.0
2 3 0.0
2 3 0.0
2 3 0.0
2 3 0.0
2 3 0.0
2 3 0.0
2 3 0.0
2 3 0.0
2 3 0.0
2 3 0.0
2 3 0.0
2 4 0.0
2 4 0.0
2 4 0.20894041
2 4 0.0
2 4 0.0
2 4 0.0
2 4 0.0
2 4 0.0
2 4 0.0
2 4 0.0
2 4 0.0
2 4 0.0
2 4 0.0
2 4 0.0
2 4 0.0
2 4 0.0
2 4 0.0
2 4 0.0
2 4 0.0
2 4 0.0
2 5 0.0
2 5 0.0
2 5 0.21455424
2 5 0.0
2 5 0.0
2 5 0.0
2 5 0.0
2 5 0.0
2 5 0.0
2 5 0.0
2 5 0.0
2 5 0.0
2 5 0.0
2 5 0.0
2 5 0.0
2 5 0.0
2 5 0.0
2 5 0.0
2 5 0.0
2 5 0.0
2 6 0.0
2 6 0.0
2 6 0.21233664
2 6 0.0
2 6 0.0
2 6 0.0
2 6 0.0
2 6 0.0
2 6 0.0
2 6 0.0
2 6 0.0
2 6 0.0
2 6 0.0
2 6 0.0
2 6 0.0
2 6 0.0
2 6 0.0
2 6 0.0
2 6 0.0
2 6 0.0
2 7 0.0
2 7 0.0
2 7 0.23483716
2 7 0.0
2 7 0.0
2 7 0.0
2 7 0.0
2 7 0.0
2 7 0.0
2 7 0.0
2 7 0.0
2 7 0.0
2 7 0.0
2 7 0.0
2 7 0.0
2 7 0.0
2 7 0.0
2 7 0.0
2 7 0.0
2 7 0.0
2 8 0.0
2 8 0.0
2 8 0.25938648999999997
2 8 0.0
2 8 0.0
2 8 0.0
2 8 0.0
2 8 0.0
2 8 0.0
2 8 0.0
2 8 0.0
2 8 0.0
2 8 0.0
2 8 0.0
2 8 0.0
2 8 0.0
2 8 0.0
2 8 0.0
2 8 0.0
2 8 0.0
2 9 0.0
2 9 0.0
2 9 0.28686735999999996
2 9 0.0
2 9 0.0
2 9 0.0
2 9 0.0
2 9 0.0
2 9 0.0
2 9 0.0
2 9 0.0
2 9 0.0
2 9 0.0
2 9 0.0
2 9 0.0
2 9 0.0
2 9 0.0
2 9 0.0
2 9 0.0
2 9 0.0
2 10 0.0
2 10 0.0
2 10 0.30869135999999997
2 10 0.0
2 10 0.0
2 10 0.0
2 10 0.0
2 10 0.0
2 10 0.0
2 10 0.0
2 10 0.0
2 10 0.0
2 10 0.0
2 10 0.0
2 10 0.0
2 10 0.0
2 10 0.0
2 10 0.0
2 10 0.0
2 10 0.0
2 11 0.0
2 11 0.0
2 11 0.33223696
2 11 0.0
2 11 0.0
2 11 0.0
2 11 0.0
2 11 0.0
2 11 0.0
2 11 0.0
2 11 0.0
2 11 0.0
2 11 0.0
2 11 0.0
2 11 0.0
2 11 0.0
2 11 0.0
2 11 0.0
2 11 0.0
2 11 0.0
2 12 0.0
2 12 0.0
2 12 0.38464803999999997
2 12 0.0
2 12 0.0
2 12 0.0
2 12 0.0
2 12 0.0
2 12 0.0
2 12 0.0
2 12 0.0
2 12 0.0
2 12 0.0
2 12 0.0
2 12 0.0
2 12 0.0
2 12 0.0
2 12 0.0
2 12 0.0
2 12 0.0
2 13 0.0
2 13 0.0
2 13 0.0
2 13 0.0
2 13 0.0
2 13 0.0
2 13 0.0
2 13 0.0
2 13 0.0
2 13 0.0
2 13 0.0
2 13 0.0
2 13 0.0
2 13 0.0
2 13 0.0
2 13 0.0
2 13 0.0
2 13 0.0
2 13 0.0
2 13 0.0
3 0 0.0
3 0 0.0
3 0 0.0
3 0 0.0
3 0 0.0
3 0 0.0
3 0 0.0
3 0 0.0
3 0 0.0
3 0 0.0
3 0 0.0
3 0 0.0
3 0 0.0
3 0 0.0
3 0 0.0
3 0 0.0
3 0 0.0
3 0 0.0
3 0 0.0
3 0 0.0
3 1 0.0
3 1 0.0
3 1 0.0
3 1 0.0
3 1 0.0
3 1 0.0
3 1 0.0
3 1 0.0
3 1 0.0
3 1 0.0
3 1 0.0
3 1 0.0
3 1 0.0
3 1 0.0
3 1 0.0
3 1 0.0
3 1 0.0
3 1 0.0
3 1 0.0
3 1 0.0
3 2 0.0
3 2 0.0
3 2 0.0
3 2 0.0
3 2 0.0
3 2 0.0
3 2 0.0
3 2 0.0
3 2 0.0
3 2 0.0
3 2 0.0
3 2 0.0
3 2 0.0
3 2 0.0
3 2 0.0
3 2 0.0
3 2 0.0
3 2 0.0
3 2 0.0
3 2 0.0
3 3 0.0
3 3 0.0
3 3 0.43428100000000003
3 3 0.0
3 3 0.0
3 3 0.0
3 3 0.0
3 3 0.0
3 3 0.0
3 3 0.0
3 3 0.0
3 3 0.0
3 3 0.0
3 3 0.0
3 3 0.0
3 3 0.0
3 3 0.0
3 3 0.0
3 3 0.0
3 3 0.0
3 4 0.0
3 4 0.0
3 4 0.22648080999999998
3 4 0.0
3 4 0.0
3 4 0.0
3 4 0.0
3 4 0.0
3 4 0.0
3 4 0.0
3 4 0.0
3 4 0.0
3 4 0.0
3 4 0.0
3 4 0.0
3 4 0.0
3 4 0.0
3 4 0.0
3 4 0.0
3 4 0.0
3 5 0.0
3 5 0.0
3 5 0.22791076
3 5 0.0
3 5 0.0
3 5 0.0
3 5 0.0
3 5 0.0
3 5 0.0
3 5 0.0
3 5 0.0
3 5 0.0
3 5 0.0
3 5 0.0
3 5 0.0
3 5 0.0
3 5 0.0
3 5 0.0
3 5 0.0
3 5 0.0
3 6 0.0
3 6 0.0
3 6 0.23357889
3 6 0.0
3 6 0.0
3 6 0.0
3 6 0.0
3 6 0.0
3 6 0.0
3 6 0.0
3 6 0.0
3 6 0.0
3 6 0.0
3 6 0.0
3 6 0.0
3 6 0.0
3 6 0.0
3 6 0.0
3 6 0.0
3 6 0.0
3 7 0.0
3 7 0.0
3 7 0.25867396000000004
3 7 0.0
3 7 0.0
3 7 0.0
3 7 0.0
3 7 0.0
3 7 0.0
3 7 0.0
3 7 0.0
3 7 0.0
3 7 0.0
3 7 0.0
3 7 0.0
3 7 0.0
3 7 0.0
3 7 0.0
3 7 0.0
3 7 0.0
3 8 0.0
3 8 0.0
3 8 0.26429881
3 8 0.0
3 8 0.0
3 8 0.0
3 8 0.0
3 8 0.0
3 8 0.0
3 8 0.0
3 8 0.0
3 8 0.0
3 8 0.0
3 8 0.0
3 8 0.0
3 8 0.0
3 8 0.0
3 8 0.0
3 8 0.0
3 8 0.0
3 9 0.0
3 9 0.0
3 9 0.29452328999999994
3 9 0.0
3 9 0.0
3 9 0.0
3 9 0.0
3 9 0.0
3 9 0.0
3 9 0.0
3 9 0.0
3 9 0.0
3 9 0.0
3 9 0.0
3 9 0.0
3 9 0.0
3 9 0.0
3 9 0.0
3 9 0.0
3 9 0.0
3 10 0.0
3 10 0.0
3 10 0.32080896000000003
3 10 0.0
3 10 0.0
3 10 0.0
3 10 0.0
3 10 0.0
3 10 0.0
3 10 0.0
3 10 0.0
3 10 0.0
3 10 0.0
3 10 0.0
3 10 0.0
3 10 0.0
3 10 0.0
3 10 0.0
3 10 0.0
3 10 0.0
3 11 0.0
3 11 0.0
3 11 0.36336784
3 11 0.0
3 11 0.0
3 11 0.0
3 11 0.0
3 11 0.0
3 11 0.0
3 11 0.0
3 11 0.0
3 11 0.0
3 11 0.0
3 11 0.0
3 11 0.0
3 11 0.0
3 11 0.0
3 11 0.0
3 11 0.0
3 11 0.0
3 12 0.0
3 12 0.0
3 12 0.3975302499999999
3 12 0.0
3 12 0.0
3 12 0.0
3 12 0.0
3 12 0.0
3 12 0.0
3 12 0.0
3 12 0.0
3 12 0.0
3 12 0.0
3 12 0.0
3 12 0.0
3 12 0.0
3 12 0.0
3 12 0.0
3 12 0.0
3 12 0.0
3 13 0.0
3 13 0.0
3 13 0.0
3 13 0.0
3 13 0.0
3 13 0.0
3 13 0.0
3 13 0.0
3 13 0.0
3 13 0.0
3 13 0.0
3 13 0.0
3 13 0.0
3 13 0.0
3 13 0.0
3 13 0.0
3 13 0.0
3 13 0.0
3 13 0.0
3 13 0.0
4 0 0.0
4 0 0.0
4 0 0.0
4 0 0.0
4 0 0.0
4 0 0.0
4 0 0.0
4 0 0.0
4 0 0.0
4 0 0.0
4 0 0.0
4 0 0.0
4 0 0.0
4 0 0.0
4 0 0.0
4 0 0.0
4 0 0.0
4 0 0.0
4 0 0.0
4 0 0.0
4 1 0.0
4 1 0.0
4 1 0.0
4 1 0.0
4 1 0.0
4 1 0.0
4 1 0.0
4 1 0.0
4 1 0.0
4 1 0.0
4 1 0.0
4 1 0.0
4 1 0.0
4 1 0.0
4 1 0.0
4 1 0.0
4 1 0.0
4 1 0.0
4 1 0.0
4 1 0.0
4 2 0.0
4 2 0.0
4 2 0.0
4 2 0.0
4 2 0.0
4 2 0.0
4 2 0.0
4 2 0.0
4 2 0.0
4 2 0.0
4 2 0.0
4 2 0.0
4 2 0.0
4 2 0.0
4 2 0.0
4 2 0.0
4 2 0.0
4 2 0.0
4 2 0.0
4 2 0.0
4 3 0.0
4 3 0.0
4 3 0.0
4 3 0.0
4 3 0.0
4 3 0.0
4 3 0.0
4 3 0.0
4 3 0.0
4 3 0.0
4 3 0.0
4 3 0.0
4 3 0.0
4 3 0.0
4 3 0.0
4 3 0.0
4 3 0.0
4 3 0.0
4 3 0.0
4 3 0.0
4 4 0.0
4 4 0.0
4 4 0.46703556
4 4 0.0
4 4 0.0
4 4 0.0
4 4 0.0
4 4 0.0
4 4 0.0
4 4 0.0
4 4 0.0
4 4 0.0
4 4 0.0
4 4 0.0
4 4 0.0
4 4 0.0
4 4 0.0
4 4 0.0
4 4 0.0
4 4 0.0
4 5 0.0
4 5 0.0
4 5 0.24522303999999998
4 5 0.0
4 5 0.0
4 5 0.0
4 5 0.0
4 5 0.0
4 5 0.0
4 5 0.0
4 5 0.0
4 5 0.0
4 5 0.0
4 5 0.0
4 5 0.0
4 5 0.0
4 5 0.0
4 5 0.0
4 5 0.0
4 5 0.0
4 6 0.0
4 6 0.0
4 6 0.25857224999999995
4 6 0.0
4 6 0.0
4 6 0.0
4 6 0.0
4 6 0.0
4 6 0.0
4 6 0.0
4 6 0.0
4 6 0.0
4 6 0.0
4 6 0.0
4 6 0.0
4 6 0.0
4 6 0.0
4 6 0.0
4 6 0.0
4 6 0.0
4 7 0.0
4 7 0.0
4 7 0.26388769000000006
4 7 0.0
4 7 0.0
4 7 0.0
4 7 0.0
4 7 0.0
4 7 0.0
4 7 0.0
4 7 0.0
4 7 0.0
4 7 0.0
4 7 0.0
4 7 0.0
4 7 0.0
4 7 0.0
4 7 0.0
4 7 0.0
4 7 0.0
4 8 0.0
4 8 0.0
4 8 0.29214025
4 8 0.0
4 8 0.0
4 8 0.0
4 8 0.0
4 8 0.0
4 8 0.0
4 8 0.0
4 8 0.0
4 8 0.0
4 8 0.0
4 8 0.0
4 8 0.0
4 8 0.0
4 8 0.0
4 8 0.0
4 8 0.0
4 8 0.0
4 9 0.0
4 9 0.0
4 9 0.29909961000000007
4 9 0.0
4 9 0.0
4 9 0.0
4 9 0.0
4 9 0.0
4 9 0.0
4 9 0.0
4 9 0.0
4 9 0.0
4 9 0.0
4 9 0.0
4 9 0.0
4 9 0.0
4 9 0.0
4 9 0.0
4 9 0.0
4 9 0.0
4 10 0.0
4 10 0.0
4 10 0.32947599999999994
4 10 0.0
4 10 0.0
4 10 0.0
4 10 0.0
4 10 0.0
4 10 0.0
4 10 0.0
4 10 0.0
4 10 0.0
4 10 0.0
4 10 0.0
4 10 0.0
4 10 0.0
4 10 0.0
4 10 0.0
4 10 0.0
4 10 0.0
4 11 0.0
4 11 0.0
4 11 0.36072036
4 11 0.0
4 11 0.0
4 11 0.0
4 11 0.0
4 11 0.0
4 11 0.0
4 11 0.0
4 11 0.0
4 11 0.0
4 11 0.0
4 11 0.0
4 11 0.0
4 11 0.0
4 11 0.0
4 11 0.0
4 11 0.0
4 11 0.0
4 12 0.0
4 12 0.0
4 12 0.39765636000000004
4 12 0.0
4 12 0.0
4 12 0.0
4 12 0.0
4 12 0.0
4 12 0.0
4 12 0.0
4 12 0.0
4 12 0.0
4 12 0.0
4 12 0.0
4 12 0.0
4 12 0.0
4 12 0.0
4 12 0.0
4 12 0.0
4 12 0.0
4 13 0.0
4 13 0.0
4 13 0.0
4 13 0.0
4 13 0.0
4 13 0.0
4 13 0.0
4 13 0.0
4 13 0.0
4 13 0.0
4 13 0.0
4 13 0.0
4 13 0.0
4 13 0.0
4 13 0.0
4 13 0.0
4 13 0.0
4 13 0.0
4 13 0.0
4 13 0.0
5 0 0.0
5 0 0.0
5 0 0.0
5 0 0.0
5 0 0.0
5 0 0.0
5 0 0.0
5 0 0.0
5 0 0.0
5 0 0.0
5 0 0.0
5 0 0.0
5 0 0.0
5 0 0.0
5 0 0.0
5 0 0.0
5 0 0.0
5 0 0.0
5 0 0.0
5 0 0.0
5 1 0.0
5 1 0.0
5 1 0.0
5 1 0.0
5 1 0.0
5 1 0.0
5 1 0.0
5 1 0.0
5 1 0.0
5 1 0.0
5 1 0.0
5 1 0.0
5 1 0.0
5 1 0.0
5 1 0.0
5 1 0.0
5 1 0.0
5 1 0.0
5 1 0.0
5 1 0.0
5 2 0.0
5 2 0.0
5 2 0.0
5 2 0.0
5 2 0.0
5 2 0.0
5 2 0.0
5 2 0.0
5 2 0.0
5 2 0.0
5 2 0.0
5 2 0.0
5 2 0.0
5 2 0.0
5 2 0.0
5 2 0.0
5 2 0.0
5 2 0.0
5 2 0.0
5 2 0.0
5 3 0.0
5 3 0.0
5 3 0.0
5 3 0.0
5 3 0.0
5 3 0.0
5 3 0.0
5 3 0.0
5 3 0.0
5 3 0.0
5 3 0.0
5 3 0.0
5 3 0.0
5 3 0.0
5 3 0.0
5 3 0.0
5 3 0.0
5 3 0.0
5 3 0.0
5 3 0.0
5 4 0.0
5 4 0.0
5 4 0.0
5 4 0.0
5 4 0.0
5 4 0.0
5 4 0.0
5 4 0.0
5 4 0.0
5 4 0.0
5 4 0.0
5 4 0.0
5 4 0.0
5 4 0.0
5 4 0.0
5 4 0.0
5 4 0.0
5 4 0.0
5 4 0.0
5 4 0.0
5 5 0.0
5 5 0.0
5 5 0.50339025
5 5 0.0
5 5 0.0
5 5 0.0
5 5 0.0
5 5 0.0
5 5 0.0
5 5 0.0
5 5 0.0
5 5 0.0
5 5 0.0
5 5 0.0
5 5 0.0
5 5 0.0
5 5 0.0
5 5 0.0
5 5 0.0
5 5 0.0
5 6 0.0
5 6 0.0
5 6 0.26234883999999997
5 6 0.0
5 6 0.0
5 6 0.0
5 6 0.0
5 6 0.0
5 6 0.0
5 6 0.0
5 6 0.0
5 6 0.0
5 6 0.0
5 6 0.0
5 6 0.0
5 6 0.0
5 6 0.0
5 6 0.0
5 6 0.0
5 6 0.0
5 7 0.0
5 7 0.0
5 7 0.27300624999999995
5 7 0.0
5 7 0.0
5 7 0.0
5 7 0.0
5 7 0.0
5 7 0.0
5 7 0.0
5 7 0.0
5 7 0.0
5 7 0.0
5 7 0.0
5 7 0.0
5 7 0.0
5 7 0.0
5 7 0.0
5 7 0.0
5 7 0.0
5 8 0.0
5 8 0.0
5 8 0.31214569
5 8 0.0
5 8 0.0
5 8 0.0
5 8 0.0
5 8 0.0
5 8 0.0
5 8 0.0
5 8 0.0
5 8 0.0
5 8 0.0
5 8 0.0
5 8 0.0
5 8 0.0
5 8 0.0
5 8 0.0
5 8 0.0
5 8 0.0
5 9 0.0
5 9 0.0
5 9 0.31002623999999995
5 9 0.0
5 9 0.0
5 9 0.0
5 9 0.0
5 9 0.0
5 9 0.0
5 9 0.0
5 9 0.0
5 9 0.0
5 9 0.0
5 9 0.0
5 9 0.0
5 9 0.0
5 9 0.0
5 9 0.0
5 9 0.0
5 9 0.0
5 10 0.0
5 10 0.0
5 10 0.33790969000000004
5 10 0.0
5 10 0.0
5 10 0.0
5 10 0.0
5 10 0.0
5 10 0.0
5 10 0.0
5 10 0.0
5 10 0.0
5 10 0.0
5 10 0.0
5 10 0.0
5 10 0.0
5 10 0.0
5 10 0.0
5 10 0.0
5 10 0.0
5 11 0.0
5 11 0.0
5 11 0.38663524000000005
5 11 0.0
5 11 0.0
5 11 0.0
5 11 0.0
5 11 0.0
5 11 0.0
5 11 0.0
5 11 0.0
5 11 0.0
5 11 0.0
5 11 0.0
5 11 0.0
5 11 0.0
5 11 0.0
5 11 0.0
5 11 0.0
5 11 0.0
5 12 0.0
5 12 0.0
5 12 0.410881
5 12 0.0
5 12 0.0
5 12 0.0
5 12 0.0
5 12 0.0
5 12 0.0
5 12 0.0
5 12 0.0
5 12 0.0
5 12 0.0
5 12 0.0
5 12 0.0
5 12 0.0
5 12 0.0
5 12 0.0
5 12 0.0
5 12 0.0
5 13 0.0
5 13 0.0
5 13 0.0
5 13 0.0
5 13 0.0
5 13 0.0
5 13 0.0
5 13 0.0
5 13 0.0
5 13 0.0
5 13 0.0
5 13 0.0
5 13 0.0
5 13 0.0
5 13 0.0
5 13 0.0
5 13 0.0
5 13 0.0
5 13 0.0
5 13 0.0
6 0 0.0
6 0 0.0
6 0 0.0
6 0 0.0
6 0 0.0
6 0 0.0
6 0 0.0
6 0 0.0
6 0 0.0
6 0 0.0
6 0 0.0
6 0 0.0
6 0 0.0
6 0 0.0
6 0 0.0
6 0 0.0
6 0 0.0
6 0 0.0
6 0 0.0
6 0 0.0
6 1 0.0
6 1 0.0
6 1 0.0
6 1 0.0
6 1 0.0
6 1 0.0
6 1 0.0
6 1 0.0
6 1 0.0
6 1 0.0
6 1 0.0
6 1 0.0
6 1 0.0
6 1 0.0
6 1 0.0
6 1 0.0
6 1 0.0
6 1 0.0
6 1 0.0
6 1 0.0
6 2 0.0
6 2 0.0
6 2 0.0
6 2 0.0
6 2 0.0
6 2 0.0
6 2 0.0
6 2 0.0
6 2 0.0
6 2 0.0
6 2 0.0
6 2 0.0
6 2 0.0
6 2 0.0
6 2 0.0
6 2 0.0
6 2 0.0
6 2 0.0
6 2 0.0
6 2 0.0
6 3 0.0
6 3 0.0
6 3 0.0
6 3 0.0
6 3 0.0
6 3 0.0
6 3 0.0
6 3 0.0
6 3 0.0
6 3 0.0
6 3 0.0
6 3 0.0
6 3 0.0
6 3 0.0
6 3 0.0
6 3 0.0
6 3 0.0
6 3 0.0
6 3 0.0
6 3 0.0
6 4 0.0
6 4 0.0
6 4 0.0
6 4 0.0
6 4 0.0
6 4 0.0
6 4 0.0
6 4 0.0
6 4 0.0
6 4 0.0
6 4 0.0
6 4 0.0
6 4 0.0
6 4 0.0
6 4 0.0
6 4 0.0
6 4 0.0
6 4 0.0
6 4 0.0
6 4 0.0
6 5 0.0
6 5 0.0
6 5 0.0
6 5 0.0
6 5 0.0
6 5 0.0
6 5 0.0
6 5 0.0
6 5 0.0
6 5 0.0
6 5 0.0
6 5 0.0
6 5 0.0
6 5 0.0
6 5 0.0
6 5 0.0
6 5 0.0
6 5 0.0
6 5 0.0
6 5 0.0
6 6 0.0
6 6 0.0
6 6 0.52940176
6 6 0.0
6 6 0.0
6 6 0.0
6 6 0.0
6 6 0.0
6 6 0.0
6 6 0.0
6 6 0.0
6 6 0.0
6 6 0.0
6 6 0.0
6 6 0.0
6 6 0.0
6 6 0.0
6 6 0.0
6 6 0.0
6 6 0.0
6 7 0.0
6 7 0.0
6 7 0.30195025
6 7 0.0
6 7 0.0
6 7 0.0
6 7 0.0
6 7 0.0
6 7 0.0
6 7 0.0
6 7 0.0
6 7 0.0
6 7 0.0
6 7 0.0
6 7 0.0
6 7 0.0
6 7 0.0
6 7 0.0
6 7 0.0
6 7 0.0
6 8 0.0
6 8 0.0
6 8 0.31956409
6 8 0.0
6 8 0.0
6 8 0.0
6 8 0.0
6 8 0.0
6 8 0.0
6 8 0.0
6 8 0.0
6 8 0.0
6 8 0.0
6 8 0.0
6 8 0.0
6 8 0.0
6 8 0.0
6 8 0.0
6 8 0.0
6 8 0.0
6 9 0.0
6 9 0.0
6 9 0.32855824000000006
6 9 0.0
6 9 0.0
6 9 0.0
6 9 0.0
6 9 0.0
6 9 0.0
6 9 0.0
6 9 0.0
6 9 0.0
6 9 0.0
6 9 0.0
6 9 0.0
6 9 0.0
6 9 0.0
6 9 0.0
6 9 0.0
6 9 0.0
6 10 0.0
6 10 0.0
6 10 0.35712576
6 10 0.0
6 10 0.0
6 10 0.0
6 10 0.0
6 10 0.0
6 10 0.0
6 10 0.0
6 10 0.0
6 10 0.0
6 10 0.0
6 10 0.0
6 10 0.0
6 10 0.0
6 10 0.0
6 10 0.0
6 10 0.0
6 10 0.0
6 11 0.0
6 11 0.0
6 11 0.38725729
6 11 0.0
6 11 0.0
6 11 0.0
6 11 0.0
6 11 0.0
6 11 0.0
6 11 0.0
6 11 0.0
6 11 0.0
6 11 0.0
6 11 0.0
6 11 0.0
6 11 0.0
6 11 0.0
6 11 0.0
6 11 0.0
6 11 0.0
6 12 0.0
6 12 0.0
6 12 0.42315024999999995
6 12 0.0
6 12 0.0
6 12 0.0
6 12 0.0
6 12 0.0
6 12 0.0
6 12 0.0
6 12 0.0
6 12 0.0
6 12 0.0
6 12 0.0
6 12 0.0
6 12 0.0
6 12 0.0
6 12 0.0
6 12 0.0
6 12 0.0
6 13 0.0
6 13 0.0
6 13 0.0
6 13 0.0
6 13 0.0
6 13 0.0
6 13 0.0
6 13 0.0
6 13 0.0
6 13 0.0
6 13 0.0
6 13 0.0
6 13 0.0
6 13 0.0
6 13 0.0
6 13 0.0
6 13 0.0
6 13 0.0
6 13 0.0
6 13 0.0
7 0 0.0
7 0 0.0
7 0 0.0
7 0 0.0
7 0 0.0
7 0 0.0
7 0 0.0
7 0 0.0
7 0 0.0
7 0 0.0
7 0 0.0
7 0 0.0
7 0 0.0
7 0 0.0
7 0 0.0
7 0 0.0
7 0 0.0
7 0 0.0
7 0 0.0
7 0 0.0
7 1 0.0
7 1 0.0
7 1 0.0
7 1 0.0
7 1 0.0
7 1 0.0
7 1 0.0
7 1 0.0
7 1 0.0
7 1 0.0
7 1 0.0
7 1 0.0
7 1 0.0
7 1 0.0
7 1 0.0
7 1 0.0
7 1 0.0
7 1 0.0
7 1 0.0
7 1 0.0
7 2 0.0
7 2 0.0
7 2 0.0
7 2 0.0
7 2 0.0
7 2 0.0
7 2 0.0
7 2 0.0
7 2 0.0
7 2 0.0
7 2 0.0
7 2 0.0
7 2 0.0
7 2 0.0
7 2 0.0
7 2 0.0
7 2 0.0
7 2 0.0
7 2 0.0
7 2 0.0
7 3 0.0
7 3 0.0
7 3 0.0
7 3 0.0
7 3 0.0
7 3 0.0
7 3 0.0
7 3 0.0
7 3 0.0
7 3 0.0
7 3 0.0
7 3 0.0
7 3 0.0
7 3 0.0
7 3 0.0
7 3 0.0
7 3 0.0
7 3 0.0
7 3 0.0
7 3 0.0
7 4 0.0
7 4 0.0
7 4 0.0
7 4 0.0
7 4 0.0
7 4 0.0
7 4 0.0
7 4 0.0
7 4 0.0
7 4 0.0
7 4 0.0
7 4 0.0
7 4 0.0
7 4 0.0
7 4 0.0
7 4 0.0
7 4 0.0
7 4 0.0
7 4 0.0
7 4 0.0
7 5 0.0
7 5 0.0
7 5 0.0
7 5 0.0
7 5 0.0
7 5 0.0
7 5 0.0
7 5 0.0
7 5 0.0
7 5 0.0
7 5 0.0
7 5 0.0
7 5 0.0
7 5 0.0
7 5 0.0
7 5 0.0
7 5 0.0
7 5 0.0
7 5 0.0
7 5 0.0
7 6 0.0
7 6 0.0
7 6 0.0
7 6 0.0
7 6 0.0
7 6 0.0
7 6 0.0
7 6 0.0
7 6 0.0
7 6 0.0
7 6 0.0
7 6 0.0
7 6 0.0
7 6 0.0
7 6 0.0
7 6 0.0
7 6 0.0
7 6 0.0
7 6 0.0
7 6 0.0
7 7 0.0
7 7 0.0
7 7 0.58859584
7 7 0.0
7 7 0.0
7 7 0.0
7 7 0.0
7 7 0.0
7 7 0.0
7 7 0.0
7 7 0.0
7 7 0.0
7 7 0.0
7 7 0.0
7 7 0.0
7 7 0.0
7 7 0.0
7 7 0.0
7 7 0.0
7 7 0.0
7 8 0.0
7 8 0.0
7 8 0.34715663999999996
7 8 0.0
7 8 0.0
7 8 0.0
7 8 0.0
7 8 0.0
7 8 0.0
7 8 0.0
7 8 0.0
7 8 0.0
7 8 0.0
7 8 0.0
7 8 0.0
7 8 0.0
7 8 0.0
7 8 0.0
7 8 0.0
7 8 0.0
7 9 0.0
7 9 0.0
7 9 0.36711481
7 9 0.0
7 9 0.0
7 9 0.0
7 9 0.0
7 9 0.0
7 9 0.0
7 9 0.0
7 9 0.0
7 9 0.0
7 9 0.0
7 9 0.0
7 9 0.0
7 9 0.0
7 9 0.0
7 9 0.0
7 9 0.0
7 9 0.0
7 10 0.0
7 10 0.0
7 10 0.38576520999999997
7 10 0.0
7 10 0.0
7 10 0.0
7 10 0.0
7 10 0.0
7 10 0.0
7 10 0.0
7 10 0.0
7 10 0.0
7 10 0.0
7 10 0.0
7 10 0.0
7 10 0.0
7 10 0.0
7 10 0.0
7 10 0.0
7 10 0.0
7 11 0.0
7 11 0.0
7 11 0.40284409000000004
7 11 0.0
7 11 0.0
7 11 0.0
7 11 0.0
7 11 0.0
7 11 0.0
7 11 0.0
7 11 0.0
7 11 0.0
7 11 0.0
7 11 0.0
7 11 0.0
7 11 0.0
7 11 0.0
7 11 0.0
7 11 0.0
7 11 0.0
7 12 0.0
7 12 0.0
7 12 0.44342281000000006
7 12 0.0
7 12 0.0
7 12 0.0
7 12 0.0
7 12 0.0
7 12 0.0
7 12 0.0
7 12 0.0
7 12 0.0
7 12 0.0
7 12 0.0
7 12 0.0
7 12 0.0
7 12 0.0
7 12 0.0
7 12 0.0
7 12 0.0
7 13 0.0
7 13 0.0
7 13 0.0
7 13 0.0
7 13 0.0
7 13 0.0
7 13 0.0
7 13 0.0
7 13 0.0
7 13 0.0
7 13 0.0
7 13 0.0
7 13 0.0
7 13 0.0
7 13 0.0
7 13 0.0
7 13 0.0
7 13 0.0
7 13 0.0
7 13 0.0
8 0 0.0
8 0 0.0
8 0 0.0
8 0 0.0
8 0 0.0
8 0 0.0
8 0 0.0
8 0 0.0
8 0 0.0
8 0 0.0
8 0 0.0
8 0 0.0
8 0 0.0
8 0 0.0
8 0 0.0
8 0 0.0
8 0 0.0
8 0 0.0
8 0 0.0
8 0 0.0
8 1 0.0
8 1 0.0
8 1 0.0
8 1 0.0
8 1 0.0
8 1 0.0
8 1 0.0
8 1 0.0
8 1 0.0
8 1 0.0
8 1 0.0
8 1 0.0
8 1 0.0
8 1 0.0
8 1 0.0
8 1 0.0
8 1 0.0
8 1 0.0
8 1 0.0
8 1 0.0
8 2 0.0
8 2 0.0
8 2 0.0
8 2 0.0
8 2 0.0
8 2 0.0
8 2 0.0
8 2 0.0
8 2 0.0
8 2 0.0
8 2 0.0
8 2 0.0
8 2 0.0
8 2 0.0
8 2 0.0
8 2 0.0
8 2 0.0
8 2 0.0
8 2 0.0
8 2 0.0
8 3 0.0
8 3 0.0
8 3 0.0
8 3 0.0
8 3 0.0
8 3 0.0
8 3 0.0
8 3 0.0
8 3 0.0
8 3 0.0
8 3 0.0
8 3 0.0
8 3 0.0
8 3 0.0
8 3 0.0
8 3 0.0
8 3 0.0
8 3 0.0
8 3 0.0
8 3 0.0
8 4 0.0
8 4 0.0
8 4 0.0
8 4 0.0
8 4 0.0
8 4 0.0
8 4 0.0
8 4 0.0
8 4 0.0
8 4 0.0
8 4 0.0
8 4 0.0
8 4 0.0
8 4 0.0
8 4 0.0
8 4 0.0
8 4 0.0
8 4 0.0
8 4 0.0
8 4 0.0
8 5 0.0
8 5 0.0
8 5 0.0
8 5 0.0
8 5 0.0
8 5 0.0
8 5 0.0
8 5 0.0
8 5 0.0
8 5 0.0
8 5 0.0
8 5 0.0
8 5 0.0
8 5 0.0
8 5 0.0
8 5 0.0
8 5 0.0
8 5 0.0
8 5 0.0
8 5 0.0
8 6 0.0
8 6 0.0
8 6 0.0
8 6 0.0
8 6 0.0
8 6 0.0
8 6 0.0
8 6 0.0
8 6 0.0
8 6 0.0
8 6 0.0
8 6 0.0
8 6 0.0
8 6 0.0
8 6 0.0
8 6 0.0
8 6 0.0
8 6 0.0
8 6 0.0
8 6 0.0
8 7 0.0
8 7 0.0
8 7 0.0
8 7 0.0
8 7 0.0
8 7 0.0
8 7 0.0
8 7 0.0
8 7 0.0
8 7 0.0
8 7 0.0
8 7 0.0
8 7 0.0
8 7 0.0
8 7 0.0
8 7 0.0
8 7 0.0
8 7 0.0
8 7 0.0
8 7 0.0
8 8 0.0
8 8 0.0
8 8 0.61999876
8 8 0.0
8 8 0.0
8 8 0.0
8 8 0.0
8 8 0.0
8 8 0.0
8 8 0.0
8 8 0.0
8 8 0.0
8 8 0.0
8 8 0.0
8 8 0.0
8 8 0.0
8 8 0.0
8 8 0.0
8 8 0.0
8 8 0.0
8 9 0.0
8 9 0.0
8 9 0.39639616000000005
8 9 0.0
8 9 0.0
8 9 0.0
8 9 0.0
8 9 0.0
8 9 0.0
8 9 0.0
8 9 0.0
8 9 0.0
8 9 0.0
8 9 0.0
8 9 0.0
8 9 0.0
8 9 0.0
8 9 0.0
8 9 0.0
8 9 0.0
8 10 0.0
8 10 0.0
8 10 0.40132224999999994
8 10 0.0
8 10 0.0
8 10 0.0
8 10 0.0
8 10 0.0
8 10 0.0
8 10 0.0
8 10 0.0
8 10 0.0
8 10 0.0
8 10 0.0
8 10 0.0
8 10 0.0
8 10 0.0
8 10 0.0
8 10 0.0
8 10 0.0
8 11 0.0
8 11 0.0
8 11 0.43784688999999993
8 11 0.0
8 11 0.0
8 11 0.0
8 11 0.0
8 11 0.0
8 11 0.0
8 11 0.0
8 11 0.0
8 11 0.0
8 11 0.0
8 11 0.0
8 11 0.0
8 11 0.0
8 11 0.0
8 11 0.0
8 11 0.0
8 11 0.0
8 12 0.0
8 12 0.0
8 12 0.47858723999999997
8 12 0.0
8 12 0.0
8 12 0.0
8 12 0.0
8 12 0.0
8 12 0.0
8 12 0.0
8 12 0.0
8 12 0.0
8 12 0.0
8 12 0.0
8 12 0.0
8 12 0.0
8 12 0.0
8 12 0.0
8 12 0.0
8 12 0.0
8 13 0.0
8 13 0.0
8 13 0.0
8 13 0.0
8 13 0.0
8 13 0.0
8 13 0.0
8 13 0.0
8 13 0.0
8 13 0.0
8 13 0.0
8 13 0.0
8 13 0.0
8 13 0.0
8 13 0.0
8 13 0.0
8 13 0.0
8 13 0.0
8 13 0.0
8 13 0.0
9 0 0.0
9 0 0.0
9 0 0.0
9 0 0.0
9 0 0.0
9 0 0.0
9 0 0.0
9 0 0.0
9 0 0.0
9 0 0.0
9 0 0.0
9 0 0.0
9 0 0.0
9 0 0.0
9 0 0.0
9 0 0.0
9 0 0.0
9 0 0.0
9 0 0.0
9 0 0.0
9 1 0.0
9 1 0.0
9 1 0.0
9 1 0.0
9 1 0.0
9 1 0.0
9 1 0.0
9 1 0.0
9 1 0.0
9 1 0.0
9 1 0.0
9 1 0.0
9 1 0.0
9 1 0.0
9 1 0.0
9 1 0.0
9 1 0.0
9 1 0.0
9 1 0.0
9 1 0.0
9 2 0.0
9 2 0.0
9 2 0.0
9 2 0.0
9 2 0.0
9 2 0.0
9 2 0.0
9 2 0.0
9 2 0.0
9 2 0.0
9 2 0.0
9 2 0.0
9 2 0.0
9 2 0.0
9 2 0.0
9 2 0.0
9 2 0.0
9 2 0.0
9 2 0.0
9 2 0.0
9 3 0.0
9 3 0.0
9 3 0.0
9 3 0.0
9 3 0.0
9 3 0.0
9 3 0.0
9 3 0.0
9 3 0.0
9 3 0.0
9 3 0.0
9 3 0.0
9 3 0.0
9 3 0.0
9 3 0.0
9 3 0.0
9 3 0.0
9 3 0.0
9 3 0.0
9 3 0.0
9 4 0.0
9 4 0.0
9 4 0.0
9 4 0.0
9 4 0.0
9 4 0.0
9 4 0.0
9 4 0.0
9 4 0.0
9 4 0.0
9 4 0.0
9 4 0.0
9 4 0.0
9 4 0.0
9 4 0.0
9 4 0.0
9 4 0.0
9 4 0.0
9 4 0.0
9 4 0.0
9 5 0.0
9 5 0.0
9 5 0.0
9 5 0.0
9 5 0.0
9 5 0.0
9 5 0.0
9 5 0.0
9 5 0.0
9 5 0.0
9 5 0.0
9 5 0.0
9 5 0.0
9 5 0.0
9 5 0.0
9 5 0.0
9 5 0.0
9 5 0.0
9 5 0.0
9 5 0.0
9 6 0.0
9 6 0.0
9 6 0.0
9 6 0.0
9 6 0.0
9 6 0.0
9 6 0.0
9 6 0.0
9 6 0.0
9 6 0.0
9 6 0.0
9 6 0.0
9 6 0.0
9 6 0.0
9 6 0.0
9 6 0.0
9 6 0.0
9 6 0.0
9 6 0.0
9 6 0.0
9 7 0.0
9 7 0.0
9 7 0.0
9 7 0.0
9 7 0.0
9 7 0.0
9 7 0.0
9 7 0.0
9 7 0.0
9 7 0.0
9 7 0.0
9 7 0.0
9 7 0.0
9 7 0.0
9 7 0.0
9 7 0.0
9 7 0.0
9 7 0.0
9 7 0.0
9 7 0.0
9 8 0.0
9 8 0.0
9 8 0.0
9 8 0.0
9 8 0.0
9 8 0.0
9 8 0.0
9 8 0.0
9 8 0.0
9 8 0.0
9 8 0.0
9 8 0.0
9 8 0.0
9 8 0.0
9 8 0.0
9 8 0.0
9 8 0.0
9 8 0.0
9 8 0.0
9 8 0.0
9 9 0.0
9 9 0.0
9 9 0.65918161
9 9 0.0
9 9 0.0
9 9 0.0
9 9 0.0
9 9 0.0
9 9 0.0
9 9 0.0
9 9 0.0
9 9 0.0
9 9 0.0
9 9 0.0
9 9 0.0
9 9 0.0
9 9 0.0
9 9 0.0
9 9 0.0
9 9 0.0
9 10 0.0
9 10 0.0
9 10 0.41615401
9 10 0.0
9 10 0.0
9 10 0.0
9 10 0.0
9 10 0.0
9 10 0.0
9 10 0.0
9 10 0.0
9 10 0.0
9 10 0.0
9 10 0.0
9 10 0.0
9 10 0.0
9 10 0.0
9 10 0.0
9 10 0.0
9 10 0.0
9 11 0.0
9 11 0.0
9 11 0.45306361000000006
9 11 0.0
9 11 0.0
9 11 0.0
9 11 0.0
9 11 0.0
9 11 0.0
9 11 0.0
9 11 0.0
9 11 0.0
9 11 0.0
9 11 0.0
9 11 0.0
9 11 0.0
9 11 0.0
9 11 0.0
9 11 0.0
9 11 0.0
9 12 0.0
9 12 0.0
9 12 0.48790225000000004
9 12 0.0
9 12 0.0
9 12 0.0
9 12 0.0
9 12 0.0
9 12 0.0
9 12 0.0
9 12 0.0
9 12 0.0
9 12 0.0
9 12 0.0
9 12 0.0
9 12 0.0
9 12 0.0
9 12 0.0
9 12 0.0
9 12 0.0
9 13 0.0
9 13 0.0
9 13 0.0
9 13 0.0
9 13 0.0
9 13 0.0
9 13 0.0
9 13 0.0
9 13 0.0
9 13 0.0
9 13 0.0
9 13 0.0
9 13 0.0
9 13 0.0
9 13 0.0
9 13 0.0
9 13 0.0
9 13 0.0
9 13 0.0
9 13 0.0
10 0 0.0
10 0 0.0
10 0 0.0
10 0 0.0
10 0 0.0
10 0 0.0
10 0 0.0
10 0 0.0
10 0 0.0
10 0 0.0
10 0 0.0
10 0 0.0
10 0 0.0
10 0 0.0
10 0 0.0
10 0 0.0
10 0 0.0
10 0 0.0
10 0 0.0
10 0 0.0
10 1 0.0
10 1 0.0
10 1 0.0
10 1 0.0
10 1 0.0
10 1 0.0
10 1 0.0
10 1 0.0
10 1 0.0
10 1 0.0
10 1 0.0
10 1 0.0
10 1 0.0
10 1 0.0
10 1 0.0
10 1 0.0
10 1 0.0
10 1 0.0
10 1 0.0
10 1 0.0
10 2 0.0
10 2 0.0
10 2 0.0
10 2 0.0
10 2 0.0
10 2 0.0
10 2 0.0
10 2 0.0
10 2 0.0
10 2 0.0
10 2 0.0
10 2 0.0
10 2 0.0
10 2 0.0
10 2 0.0
10 2 0.0
10 2 0.0
10 2 0.0
10 2 0.0
10 2 0.0
10 3 0.0
10 3 0.0
10 3 0.0
10 3 0.0
10 3 0.0
10 3 0.0
10 3 0.0
10 3 0.0
10 3 0.0
10 3 0.0
10 3 0.0
10 3 0.0
10 3 0.0
10 3 0.0
10 3 0.0
10 3 0.0
10 3 0.0
10 3 0.0
10 3 0.0
10 3 0.0
10 4 0.0
10 4 0.0
10 4 0.0
10 4 0.0
10 4 0.0
10 4 0.0
10 4 0.0
10 4 0.0
10 4 0.0
10 4 0.0
10 4 0.0
10 4 0.0
10 4 0.0
10 4 0.0
10 4 0.0
10 4 0.0
10 4 0.0
10 4 0.0
10 4 0.0
10 4 0.0
10 5 0.0
10 5 0.0
10 5 0.0
10 5 0.0
10 5 0.0
10 5 0.0
10 5 0.0
10 5 0.0
10 5 0.0
10 5 0.0
10 5 0.0
10 5 0.0
10 5 0.0
10 5 0.0
10 5 0.0
10 5 0.0
10 5 0.0
10 5 0.0
10 5 0.0
10 5 0.0
10 6 0.0
10 6 0.0
10 6 0.0
10 6 0.0
10 6 0.0
10 6 0.0
10 6 0.0
10 6 0.0
10 6 0.0
10 6 0.0
10 6 0.0
10 6 0.0
10 6 0.0
10 6 0.0
10 6 0.0
10 6 0.0
10 6 0.0
10 6 0.0
10 6 0.0
10 6 0.0
10 7 0.0
10 7 0.0
10 7 0.0
10 7 0.0
10 7 0.0
10 7 0.0
10 7 0.0
10 7 0.0
10 7 0.0
10 7 0.0
10 7 0.0
10 7 0.0
10 7 0.0
10 7 0.0
10 7 0.0
10 7 0.0
10 7 0.0
10 7 0.0
10 7 0.0
10 7 0.0
10 8 0.0
10 8 0.0
10 8 0.0
10 8 0.0
10 8 0.0
10 8 0.0
10 8 0.0
10 8 0.0
10 8 0.0
10 8 0.0
10 8 0.0
10 8 0.0
10 8 0.0
10 8 0.0
10 8 0.0
10 8 0.0
10 8 0.0
10 8 0.0
10 8 0.0
10 8 0.0
10 9 0.0
10 9 0.0
10 9 0.0
10 9 0.0
10 9 0.0
10 9 0.0
10 9 0.0
10 9 0.0
10 9 0.0
10 9 0.0
10 9 0.0
10 9 0.0
10 9 0.0
10 9 0.0
10 9 0.0
10 9 0.0
10 9 0.0
10 9 0.0
10 9 0.0
10 9 0.0
10 10 0.0
10 10 0.0
10 10 0.68690944
10 10 0.0
10 10 0.0
10 10 0.0
10 10 0.0
10 10 0.0
10 10 0.0
10 10 0.0
10 10 0.0
10 10 0.0
10 10 0.0
10 10 0.0
10 10 0.0
10 10 0.0
10 10 0.0
10 10 0.0
10 10 0.0
10 10 0.0
10 11 0.0
10 11 0.0
10 11 0.45670563999999997
10 11 0.0
10 11 0.0
10 11 0.0
10 11 0.0
10 11 0.0
10 11 0.0
10 11 0.0
10 11 0.0
10 11 0.0
10 11 0.0
10 11 0.0
10 11 0.0
10 11 0.0
10 11 0.0
10 11 0.0
10 11 0.0
10 11 0.0
10 12 0.0
10 12 0.0
10 12 0.50367409
10 12 0.0
10 12 0.0
10 12 0.0
10 12 0.0
10 12 0.0
10 12 0.0
10 12 0.0
10 12 0.0
10 12 0.0
10 12 0.0
10 12 0.0
10 12 0.0
10 12 0.0
10 12 0.0
10 12 0.0
10 12 0.0
10 12 0.0
10 13 0.0
10 13 0.0
10 13 0.0
10 13 0.0
10 13 0.0
10 13 0.0
10 13 0.0
10 13 0.0
10 13 0.0
10 13 0.0
10 13 0.0
10 13 0.0
10 13 0.0
10 13 0.0
10 13 0.0
10 13 0.0
10 13 0.0
10 13 0.0
10 13 0.0
10 13 0.0
11 0 0.0
11 0 0.0
11 0 0.0
11 0 0.0
11 0 0.0
11 0 0.0
11 0 0.0
11 0 0.0
11 0 0.0
11 0 0.0
11 0 0.0
11 0 0.0
11 0 0.0
11 0 0.0
11 0 0.0
11 0 0.0
11 0 0.0
11 0 0.0
11 0 0.0
11 0 0.0
11 1 0.0
11 1 0.0
11 1 0.0
11 1 0.0
11 1 0.0
11 1 0.0
11 1 0.0
11 1 0.0
11 1 0.0
11 1 0.0
11 1 0.0
11 1 0.0
11 1 0.0
11 1 0.0
11 1 0.0
11 1 0.0
11 1 0.0
11 1 0.0
11 1 0.0
11 1 0.0
11 2 0.0
11 2 0.0
11 2 0.0
11 2 0.0
11 2 0.0
11 2 0.0
11 2 0.0
11 2 0.0
11 2 0.0
11 2 0.0
11 2 0.0
11 2 0.0
11 2 0.0
11 2 0.0
11 2 0.0
11 2 0.0
11 2 0.0
11 2 0.0
11 2 0.0
11 2 0.0
11 3 0.0
11 3 0.0
11 3 0.0
11 3 0.0
11 3 0.0
11 3 0.0
11 3 0.0
11 3 0.0
11 3 0.0
11 3 0.0
11 3 0.0
11 3 0.0
11 3 0.0
11 3 0.0
11 3 0.0
11 3 0.0
11 3 0.0
11 3 0.0
11 3 0.0
11 3 0.0
11 4 0.0
11 4 0.0
11 4 0.0
11 4 0.0
11 4 0.0
11 4 0.0
11 4 0.0
11 4 0.0
11 4 0.0
11 4 0.0
11 4 0.0
11 4 0.0
11 4 0.0
11 4 0.0
11 4 0.0
11 4 0.0
11 4 0.0
11 4 0.0
11 4 0.0
11 4 0.0
11 5 0.0
11 5 0.0
11 5 0.0
11 5 0.0
11 5 0.0
11 5 0.0
11 5 0.0
11 5 0.0
11 5 0.0
11 5 0.0
11 5 0.0
11 5 0.0
11 5 0.0
11 5 0.0
11 5 0.0
11 5 0.0
11 5 0.0
11 5 0.0
11 5 0.0
11 5 0.0
11 6 0.0
11 6 0.0
11 6 0.0
11 6 0.0
11 6 0.0
11 6 0.0
11 6 0.0
11 6 0.0
11 6 0.0
11 6 0.0
11 6 0.0
11 6 0.0
11 6 0.0
11 6 0.0
11 6 0.0
11 6 0.0
11 6 0.0
11 6 0.0
11 6 0.0
11 6 0.0
11 7 0.0
11 7 0.0
11 7 0.0
11 7 0.0
11 7 0.0
11 7 0.0
11 7 0.0
11 7 0.0
11 7 0.0
11 7 0.0
11 7 0.0
11 7 0.0
11 7 0.0
11 7 0.0
11 7 0.0
11 7 0.0
11 7 0.0
11 7 0.0
11 7 0.0
11 7 0.0
11 8 0.0
11 8 0.0
11 8 0.0
11 8 0.0
11 8 0.0
11 8 0.0
11 8 0.0
11 8 0.0
11 8 0.0
11 8 0.0
11 8 0.0
11 8 0.0
11 8 0.0
11 8 0.0
11 8 0.0
11 8 0.0
11 8 0.0
11 8 0.0
11 8 0.0
11 8 0.0
11 9 0.0
11 9 0.0
11 9 0.0
11 9 0.0
11 9 0.0
11 9 0.0
11 9 0.0
11 9 0.0
11 9 0.0
11 9 0.0
11 9 0.0
11 9 0.0
11 9 0.0
11 9 0.0
11 9 0.0
11 9 0.0
11 9 0.0
11 9 0.0
11 9 0.0
11 9 0.0
11 10 0.0
11 10 0.0
11 10 0.0
11 10 0.0
11 10 0.0
11 10 0.0
11 10 0.0
11 10 0.0
11 10 0.0
11 10 0.0
11 10 0.0
11 10 0.0
11 10 0.0
11 10 0.0
11 10 0.0
11 10 0.0
11 10 0.0
11 10 0.0
11 10 0.0
11 10 0.0
11 11 0.0
11 11 0.0
11 11 0.7131802500000001
11 11 0.0
11 11 0.0
11 11 0.0
11 11 0.0
11 11 0.0
11 11 0.0
11 11 0.0
11 11 0.0
11 11 0.0
11 11 0.0
11 11 0.0
11 11 0.0
11 11 0.0
11 11 0.0
11 11 0.0
11 11 0.0
11 11 0.0
11 12 0.0
11 12 0.0
11 12 0.51494976
11 12 0.0
11 12 0.0
11 12 0.0
11 12 0.0
11 12 0.0
11 12 0.0
11 12 0.0
11 12 0.0
11 12 0.0
11 12 0.0
11 12 0.0
11 12 0.0
11 12 0.0
11 12 0.0
11 12 0.0
11 12 0.0
11 12 0.0
11 13 0.0
11 13 0.0
11 13 0.0
11 13 0.0
11 13 0.0
11 13 0.0
11 13 0.0
11 13 0.0
11 13 0.0
11 13 0.0
11 13 0.0
11 13 0.0
11 13 0.0
11 13 0.0
11 13 0.0
11 13 0.0
11 13 0.0
11 13 0.0
11 13 0.0
11 13 0.0
12 0 0.0
12 0 0.0
12 0 0.0
12 0 0.0
12 0 0.0
12 0 0.0
12 0 0.0
12 0 0.0
12 0 0.0
12 0 0.0
12 0 0.0
12 0 0.0
12 0 0.0
12 0 0.0
12 0 0.0
12 0 0.0
12 0 0.0
12 0 0.0
12 0 0.0
12 0 0.0
12 1 0.0
12 1 0.0
12 1 0.0
12 1 0.0
12 1 0.0
12 1 0.0
12 1 0.0
12 1 0.0
12 1 0.0
12 1 0.0
12 1 0.0
12 1 0.0
12 1 0.0
12 1 0.0
12 1 0.0
12 1 0.0
12 1 0.0
12 1 0.0
12 1 0.0
12 1 0.0
12 2 0.0
12 2 0.0
12 2 0.0
12 2 0.0
12 2 0.0
12 2 0.0
12 2 0.0
12 2 0.0
12 2 0.0
12 2 0.0
12 2 0.0
12 2 0.0
12 2 0.0
12 2 0.0
12 2 0.0
12 2 0.0
12 2 0.0
12 2 0.0
12 2 0.0
12 2 0.0
12 3 0.0
12 3 0.0
12 3 0.0
12 3 0.0
12 3 0.0
12 3 0.0
12 3 0.0
12 3 0.0
12 3 0.0
12 3 0.0
12 3 0.0
12 3 0.0
12 3 0.0
12 3 0.0
12 3 0.0
12 3 0.0
12 3 0.0
12 3 0.0
12 3 0.0
12 3 0.0
12 4 0.0
12 4 0.0
12 4 0.0
12 4 0.0
12 4 0.0
12 4 0.0
12 4 0.0
12 4 0.0
12 4 0.0
12 4 0.0
12 4 0.0
12 4 0.0
12 4 0.0
12 4 0.0
12 4 0.0
12 4 0.0
12 4 0.0
12 4 0.0
12 4 0.0
12 4 0.0
12 5 0.0
12 5 0.0
12 5 0.0
12 5 0.0
12 5 0.0
12 5 0.0
12 5 0.0
12 5 0.0
12 5 0.0
12 5 0.0
12 5 0.0
12 5 0.0
12 5 0.0
12 5 0.0
12 5 0.0
12 5 0.0
12 5 0.0
12 5 0.0
12 5 0.0
12 5 0.0
12 6 0.0
12 6 0.0
12 6 0.0
12 6 0.0
12 6 0.0
12 6 0.0
12 6 0.0
12 6 0.0
12 6 0.0
12 6 0.0
12 6 0.0
12 6 0.0
12 6 0.0
12 6 0.0
12 6 0.0
12 6 0.0
12 6 0.0
12 6 0.0
12 6 0.0
12 6 0.0
12 7 0.0
12 7 0.0
12 7 0.0
12 7 0.0
12 7 0.0
12 7 0.0
12 7 0.0
12 7 0.0
12 7 0.0
12 7 0.0
12 7 0.0
12 7 0.0
12 7 0.0
12 7 0.0
12 7 0.0
12 7 0.0
12 7 0.0
12 7 0.0
12 7 0.0
12 7 0.0
12 8 0.0
12 8 0.0
12 8 0.0
12 8 0.0
12 8 0.0
12 8 0.0
12 8 0.0
12 8 0.0
12 8 0.0
12 8 0.0
12 8 0.0
12 8 0.0
12 8 0.0
12 8 0.0
12 8 0.0
12 8 0.0
12 8 0.0
12 8 0.0
12 8 0.0
12 8 0.0
12 9 0.0
12 9 0.0
12 9 0.0
12 9 0.0
12 9 0.0
12 9 0.0
12 9 0.0
12 9 0.0
12 9 0.0
12 9 0.0
12 9 0.0
12 9 0.0
12 9 0.0
12 9 0.0
12 9 0.0
12 9 0.0
12 9 0.0
12 9 0.0
12 9 0.0
12 9 0.0
12 10 0.0
12 10 0.0
12 10 0.0
12 10 0.0
12 10 0.0
12 10 0.0
12 10 0.0
12 10 0.0
12 10 0.0
12 10 0.0
12 10 0.0
12 10 0.0
12 10 0.0
12 10 0.0
12 10 0.0
12 10 0.0
12 10 0.0
12 10 0.0
12 10 0.0
12 10 0.0
12 11 0.0
12 11 0.0
12 11 0.0
12 11 0.0
12 11 0.0
12 11 0.0
12 11 0.0
12 11 0.0
12 11 0.0
12 11 0.0
12 11 0.0
12 11 0.0
12 11 0.0
12 11 0.0
12 11 0.0
12 11 0.0
12 11 0.0
12 11 0.0
12 11 0.0
12 11 0.0
12 12 0.0
12 12 0.0
12 12 0.76055841
12 12 0.0
12 12 0.0
12 12 0.0
12 12 0.0
12 12 0.0
12 12 0.0
12 12 0.0
12 12 0.0
12 12 0.0
12 12 0.0
12 12 0.0
12 12 0.0
12 12 0.0
12 12 0.0
12 12 0.0
12 12 0.0
12 12 0.0
12 13 0.0
12 13 0.0
12 13 0.0
12 13 0.0
12 13 0.0
12 13 0.0
12 13 0.0
12 13 0.0
12 13 0.0
12 13 0.0
12 13 0.0
12 13 0.0
12 13 0.0
12 13 0.0
12 13 0.0
12 13 0.0
12 13 0.0
12 13 0.0
12 13 0.0
12 13 0.0
13 0 0.0
13 0 0.0
13 0 0.0
13 0 0.0
13 0 0.0
13 0 0.0
13 0 0.0
13 0 0.0
13 0 0.0
13 0 0.0
13 0 0.0
13 0 0.0
13 0 0.0
13 0 0.0
13 0 0.0
13 0 0.0
13 0 0.0
13 0 0.0
13 0 0.0
13 0 0.0
13 1 0.0
13 1 0.0
13 1 0.0
13 1 0.0
13 1 0.0
13 1 0.0
13 1 0.0
13 1 0.0
13 1 0.0
13 1 0.0
13 1 0.0
13 1 0.0
13 1 0.0
13 1 0.0
13 1 0.0
13 1 0.0
13 1 0.0
13 1 0.0
13 1 0.0
13 1 0.0
13 2 0.0
13 2 0.0
13 2 0.0
13 2 0.0
13 2 0.0
13 2 0.0
13 2 0.0
13 2 0.0
13 2 0.0
13 2 0.0
13 2 0.0
13 2 0.0
13 2 0.0
13 2 0.0
13 2 0.0
13 2 0.0
13 2 0.0
13 2 0.0
13 2 0.0
13 2 0.0
13 3 0.0
13 3 0.0
13 3 0.0
13 3 0.0
13 3 0.0
13 3 0.0
13 3 0.0
13 3 0.0
13 3 0.0
13 3 0.0
13 3 0.0
13 3 0.0
13 3 0.0
13 3 0.0
13 3 0.0
13 3 0.0
13 3 0.0
13 3 0.0
13 3 0.0
13 3 0.0
13 4 0.0
13 4 0.0
13 4 0.0
13 4 0.0
13 4 0.0
13 4 0.0
13 4 0.0
13 4 0.0
13 4 0.0
13 4 0.0
13 4 0.0
13 4 0.0
13 4 0.0
13 4 0.0
13 4 0.0
13 4 0.0
13 4 0.0
13 4 0.0
13 4 0.0
13 4 0.0
13 5 0.0
13 5 0.0
13 5 0.0
13 5 0.0
13 5 0.0
13 5 0.0
13 5 0.0
13 5 0.0
13 5 0.0
13 5 0.0
13 5 0.0
13 5 0.0
13 5 0.0
13 5 0.0
13 5 0.0
13 5 0.0
13 5 0.0
13 5 0.0
13 5 0.0
13 5 0.0
13 6 0.0
13 6 0.0
13 6 0.0
13 6 0.0
13 6 0.0
13 6 0.0
13 6 0.0
13 6 0.0
13 6 0.0
13 6 0.0
13 6 0.0
13 6 0.0
13 6 0.0
13 6 0.0
13 6 0.0
13 6 0.0
13 6 0.0
13 6 0.0
13 6 0.0
13 6 0.0
13 7 0.0
13 7 0.0
13 7 0.0
13 7 0.0
13 7 0.0
13 7 0.0
13 7 0.0
13 7 0.0
13 7 0.0
13 7 0.0
13 7 0.0
13 7 0.0
13 7 0.0
13 7 0.0
13 7 0.0
13 7 0.0
13 7 0.0
13 7 0.0
13 7 0.0
13 7 0.0
13 8 0.0
13 8 0.0
13 8 0.0
13 8 0.0
13 8 0.0
13 8 0.0
13 8 0.0
13 8 0.0
13 8 0.0
13 8 0.0
13 8 0.0
13 8 0.0
13 8 0.0
13 8 0.0
13 8 0.0
13 8 0.0
13 8 0.0
13 8 0.0
13 8 0.0
13 8 0.0
13 9 0.0
13 9 0.0
13 9 0.0
13 9 0.0
13 9 0.0
13 9 0.0
13 9 0.0
13 9 0.0
13 9 0.0
13 9 0.0
13 9 0.0
13 9 0.0
13 9 0.0
13 9 0.0
13 9 0.0
13 9 0.0
13 9 0.0
13 9 0.0
13 9 0.0
13 9 0.0
13 10 0.0
13 10 0.0
13 10 0.0
13 10 0.0
13 10 0.0
13 10 0.0
13 10 0.0
13 10 0.0
13 10 0.0
13 10 0.0
13 10 0.0
13 10 0.0
13 10 0.0
13 10 0.0
13 10 0.0
13 10 0.0
13 10 0.0
13 10 0.0
13 10 0.0
13 10 0.0
13 11 0.0
13 11 0.0
13 11 0.0
13 11 0.0
13 11 0.0
13 11 0.0
13 11 0.0
13 11 0.0
13 11 0.0
13 11 0.0
13 11 0.0
13 11 0.0
13 11 0.0
13 11 0.0
13 11 0.0
13 11 0.0
13 11 0.0
13 11 0.0
13 11 0.0
13 11 0.0
13 12 0.0
13 12 0.0
13 12 0.0
13 12 0.0
13 12 0.0
13 12 0.0
13 12 0.0
13 12 0.0
13 12 0.0
13 12 0.0
13 12 0.0
13 12 0.0
13 12 0.0
13 12 0.0
13 12 0.0
13 12 0.0
13 12 0.0
13 12 0.0
13 12 0.0
13 12 0.0
13 13 0.0
13 13 0.0
13 13 0.0
13 13 0.0
13 13 0.0
13 13 0.0
13 13 0.0
13 13 0.0
13 13 0.0
13 13 0.0
13 13 0.0
13 13 0.0
13 13 0.0
13 13 0.0
13 13 0.0
13 13 0.0
13 13 0.0
13 13 0.0
13 13 0.0
13 13 0.0
