Cards  Prob0 00.0
0 00.0
0 00.35450116000000004
0 00.0
0 00.0
0 00.0
0 00.0
0 00.0
0 00.0
0 00.0
0 00.0
0 00.0
0 00.0
0 00.0
0 00.0
0 00.0
0 00.0
0 00.0
0 00.0
0 00.0
0 10.0
0 10.0
0 10.17363889000000002
0 10.0
0 10.0
0 10.0
0 10.0
0 10.0
0 10.0
0 10.0
0 10.0
0 10.0
0 10.0
0 10.0
0 10.0
0 10.0
0 10.0
0 10.0
0 10.0
0 10.0
0 20.0
0 20.0
0 20.174724
0 20.0
0 20.0
0 20.0
0 20.0
0 20.0
0 20.0
0 20.0
0 20.0
0 20.0
0 20.0
0 20.0
0 20.0
0 20.0
0 20.0
0 20.0
0 20.0
0 20.0
0 30.0
0 30.0
0 30.18369796
0 30.0
0 30.0
0 30.0
0 30.0
0 30.0
0 30.0
0 30.0
0 30.0
0 30.0
0 30.0
0 30.0
0 30.0
0 30.0
0 30.0
0 30.0
0 30.0
0 30.0
0 40.0
0 40.0
0 40.19027043999999999
0 40.0
0 40.0
0 40.0
0 40.0
0 40.0
0 40.0
0 40.0
0 40.0
0 40.0
0 40.0
0 40.0
0 40.0
0 40.0
0 40.0
0 40.0
0 40.0
0 40.0
0 50.0
0 50.0
0 50.18879025
0 50.0
0 50.0
0 50.0
0 50.0
0 50.0
0 50.0
0 50.0
0 50.0
0 50.0
0 50.0
0 50.0
0 50.0
0 50.0
0 50.0
0 50.0
0 50.0
0 50.0
0 60.0
0 60.0
0 60.20475625
0 60.0
0 60.0
0 60.0
0 60.0
0 60.0
0 60.0
0 60.0
0 60.0
0 60.0
0 60.0
0 60.0
0 60.0
0 60.0
0 60.0
0 60.0
0 60.0
0 60.0
0 70.0
0 70.0
0 70.22686169
0 70.0
0 70.0
0 70.0
0 70.0
0 70.0
0 70.0
0 70.0
0 70.0
0 70.0
0 70.0
0 70.0
0 70.0
0 70.0
0 70.0
0 70.0
0 70.0
0 70.0
0 80.0
0 80.0
0 80.24009999999999998
0 80.0
0 80.0
0 80.0
0 80.0
0 80.0
0 80.0
0 80.0
0 80.0
0 80.0
0 80.0
0 80.0
0 80.0
0 80.0
0 80.0
0 80.0
0 80.0
0 80.0
0 90.0
0 90.0
0 90.26635921
0 90.0
0 90.0
0 90.0
0 90.0
0 90.0
0 90.0
0 90.0
0 90.0
0 90.0
0 90.0
0 90.0
0 90.0
0 90.0
0 90.0
0 90.0
0 90.0
0 90.0
0 100.0
0 100.0
0 100.29724304
0 100.0
0 100.0
0 100.0
0 100.0
0 100.0
0 100.0
0 100.0
0 100.0
0 100.0
0 100.0
0 100.0
0 100.0
0 100.0
0 100.0
0 100.0
0 100.0
0 100.0
0 110.0
0 110.0
0 110.33362176
0 110.0
0 110.0
0 110.0
0 110.0
0 110.0
0 110.0
0 110.0
0 110.0
0 110.0
0 110.0
0 110.0
0 110.0
0 110.0
0 110.0
0 110.0
0 110.0
0 110.0
0 120.0
0 120.0
0 120.37039396
0 120.0
0 120.0
0 120.0
0 120.0
0 120.0
0 120.0
0 120.0
0 120.0
0 120.0
0 120.0
0 120.0
0 120.0
0 120.0
0 120.0
0 120.0
0 120.0
0 120.0
0 130.0
0 130.0
0 130.0
0 130.0
0 130.0
0 130.0
0 130.0
0 130.0
0 130.0
0 130.0
0 130.0
0 130.0
0 130.0
0 130.0
0 130.0
0 130.0
0 130.0
0 130.0
0 130.0
0 130.0
1 00.0
1 00.0
1 00.0
1 00.0
1 00.0
1 00.0
1 00.0
1 00.0
1 00.0
1 00.0
1 00.0
1 00.0
1 00.0
1 00.0
1 00.0
1 00.0
1 00.0
1 00.0
1 00.0
1 00.0
1 10.0
1 10.0
1 10.38266596
1 10.0
1 10.0
1 10.0
1 10.0
1 10.0
1 10.0
1 10.0
1 10.0
1 10.0
1 10.0
1 10.0
1 10.0
1 10.0
1 10.0
1 10.0
1 10.0
1 10.0
1 20.0
1 20.0
1 20.19439281
1 20.0
1 20.0
1 20.0
1 20.0
1 20.0
1 20.0
1 20.0
1 20.0
1 20.0
1 20.0
1 20.0
1 20.0
1 20.0
1 20.0
1 20.0
1 20.0
1 20.0
1 30.0
1 30.0
1 30.20331081
1 30.0
1 30.0
1 30.0
1 30.0
1 30.0
1 30.0
1 30.0
1 30.0
1 30.0
1 30.0
1 30.0
1 30.0
1 30.0
1 30.0
1 30.0
1 30.0
1 30.0
1 40.0
1 40.0
1 40.19963024
1 40.0
1 40.0
1 40.0
1 40.0
1 40.0
1 40.0
1 40.0
1 40.0
1 40.0
1 40.0
1 40.0
1 40.0
1 40.0
1 40.0
1 40.0
1 40.0
1 40.0
1 50.0
1 50.0
1 50.19580625000000002
1 50.0
1 50.0
1 50.0
1 50.0
1 50.0
1 50.0
1 50.0
1 50.0
1 50.0
1 50.0
1 50.0
1 50.0
1 50.0
1 50.0
1 50.0
1 50.0
1 50.0
1 60.0
1 60.0
1 60.20412323999999998
1 60.0
1 60.0
1 60.0
1 60.0
1 60.0
1 60.0
1 60.0
1 60.0
1 60.0
1 60.0
1 60.0
1 60.0
1 60.0
1 60.0
1 60.0
1 60.0
1 60.0
1 70.0
1 70.0
1 70.23232399999999997
1 70.0
1 70.0
1 70.0
1 70.0
1 70.0
1 70.0
1 70.0
1 70.0
1 70.0
1 70.0
1 70.0
1 70.0
1 70.0
1 70.0
1 70.0
1 70.0
1 70.0
1 80.0
1 80.0
1 80.26409321
1 80.0
1 80.0
1 80.0
1 80.0
1 80.0
1 80.0
1 80.0
1 80.0
1 80.0
1 80.0
1 80.0
1 80.0
1 80.0
1 80.0
1 80.0
1 80.0
1 80.0
1 90.0
1 90.0
1 90.27531009000000006
1 90.0
1 90.0
1 90.0
1 90.0
1 90.0
1 90.0
1 90.0
1 90.0
1 90.0
1 90.0
1 90.0
1 90.0
1 90.0
1 90.0
1 90.0
1 90.0
1 90.0
1 100.0
1 100.0
1 100.31114084
1 100.0
1 100.0
1 100.0
1 100.0
1 100.0
1 100.0
1 100.0
1 100.0
1 100.0
1 100.0
1 100.0
1 100.0
1 100.0
1 100.0
1 100.0
1 100.0
1 100.0
1 110.0
1 110.0
1 110.33977240999999997
1 110.0
1 110.0
1 110.0
1 110.0
1 110.0
1 110.0
1 110.0
1 110.0
1 110.0
1 110.0
1 110.0
1 110.0
1 110.0
1 110.0
1 110.0
1 110.0
1 110.0
1 120.0
1 120.0
1 120.3862622500000001
1 120.0
1 120.0
1 120.0
1 120.0
1 120.0
1 120.0
1 120.0
1 120.0
1 120.0
1 120.0
1 120.0
1 120.0
1 120.0
1 120.0
1 120.0
1 120.0
1 120.0
1 130.0
1 130.0
1 130.0
1 130.0
1 130.0
1 130.0
1 130.0
1 130.0
1 130.0
1 130.0
1 130.0
1 130.0
1 130.0
1 130.0
1 130.0
1 130.0
1 130.0
1 130.0
1 130.0
1 130.0
2 00.0
2 00.0
2 00.0
2 00.0
2 00.0
2 00.0
2 00.0
2 00.0
2 00.0
2 00.0
2 00.0
2 00.0
2 00.0
2 00.0
2 00.0
2 00.0
2 00.0
2 00.0
2 00.0
2 00.0
2 10.0
2 10.0
2 10.0
2 10.0
2 10.0
2 10.0
2 10.0
2 10.0
2 10.0
2 10.0
2 10.0
2 10.0
2 10.0
2 10.0
2 10.0
2 10.0
2 10.0
2 10.0
2 10.0
2 10.0
2 20.0
2 20.0
2 20.42211009000000005
2 20.0
2 20.0
2 20.0
2 20.0
2 20.0
2 20.0
2 20.0
2 20.0
2 20.0
2 20.0
2 20.0
2 20.0
2 20.0
2 20.0
2 20.0
2 20.0
2 20.0
2 30.0
2 30.0
2 30.20322063999999998
2 30.0
2 30.0
2 30.0
2 30.0
2 30.0
2 30.0
2 30.0
2 30.0
2 30.0
2 30.0
2 30.0
2 30.0
2 30.0
2 30.0
2 30.0
2 30.0
2 30.0
2 40.0
2 40.0
2 40.20875760999999998
2 40.0
2 40.0
2 40.0
2 40.0
2 40.0
2 40.0
2 40.0
2 40.0
2 40.0
2 40.0
2 40.0
2 40.0
2 40.0
2 40.0
2 40.0
2 40.0
2 40.0
2 50.0
2 50.0
2 50.21836929
2 50.0
2 50.0
2 50.0
2 50.0
2 50.0
2 50.0
2 50.0
2 50.0
2 50.0
2 50.0
2 50.0
2 50.0
2 50.0
2 50.0
2 50.0
2 50.0
2 50.0
2 60.0
2 60.0
2 60.21724921000000003
2 60.0
2 60.0
2 60.0
2 60.0
2 60.0
2 60.0
2 60.0
2 60.0
2 60.0
2 60.0
2 60.0
2 60.0
2 60.0
2 60.0
2 60.0
2 60.0
2 60.0
2 70.0
2 70.0
2 70.22896224999999998
2 70.0
2 70.0
2 70.0
2 70.0
2 70.0
2 70.0
2 70.0
2 70.0
2 70.0
2 70.0
2 70.0
2 70.0
2 70.0
2 70.0
2 70.0
2 70.0
2 70.0
2 80.0
2 80.0
2 80.26306641000000003
2 80.0
2 80.0
2 80.0
2 80.0
2 80.0
2 80.0
2 80.0
2 80.0
2 80.0
2 80.0
2 80.0
2 80.0
2 80.0
2 80.0
2 80.0
2 80.0
2 80.0
2 90.0
2 90.0
2 90.29138403999999996
2 90.0
2 90.0
2 90.0
2 90.0
2 90.0
2 90.0
2 90.0
2 90.0
2 90.0
2 90.0
2 90.0
2 90.0
2 90.0
2 90.0
2 90.0
2 90.0
2 90.0
2 100.0
2 100.0
2 100.31416025
2 100.0
2 100.0
2 100.0
2 100.0
2 100.0
2 100.0
2 100.0
2 100.0
2 100.0
2 100.0
2 100.0
2 100.0
2 100.0
2 100.0
2 100.0
2 100.0
2 100.0
2 110.0
2 110.0
2 110.34398225000000004
2 110.0
2 110.0
2 110.0
2 110.0
2 110.0
2 110.0
2 110.0
2 110.0
2 110.0
2 110.0
2 110.0
2 110.0
2 110.0
2 110.0
2 110.0
2 110.0
2 110.0
2 120.0
2 120.0
2 120.39150049000000003
2 120.0
2 120.0
2 120.0
2 120.0
2 120.0
2 120.0
2 120.0
2 120.0
2 120.0
2 120.0
2 120.0
2 120.0
2 120.0
2 120.0
2 120.0
2 120.0
2 120.0
2 130.0
2 130.0
2 130.0
2 130.0
2 130.0
2 130.0
2 130.0
2 130.0
2 130.0
2 130.0
2 130.0
2 130.0
2 130.0
2 130.0
2 130.0
2 130.0
2 130.0
2 130.0
2 130.0
2 130.0
3 00.0
3 00.0
3 00.0
3 00.0
3 00.0
3 00.0
3 00.0
3 00.0
3 00.0
3 00.0
3 00.0
3 00.0
3 00.0
3 00.0
3 00.0
3 00.0
3 00.0
3 00.0
3 00.0
3 00.0
3 10.0
3 10.0
3 10.0
3 10.0
3 10.0
3 10.0
3 10.0
3 10.0
3 10.0
3 10.0
3 10.0
3 10.0
3 10.0
3 10.0
3 10.0
3 10.0
3 10.0
3 10.0
3 10.0
3 10.0
3 20.0
3 20.0
3 20.0
3 20.0
3 20.0
3 20.0
3 20.0
3 20.0
3 20.0
3 20.0
3 20.0
3 20.0
3 20.0
3 20.0
3 20.0
3 20.0
3 20.0
3 20.0
3 20.0
3 20.0
3 30.0
3 30.0
3 30.42029289
3 30.0
3 30.0
3 30.0
3 30.0
3 30.0
3 30.0
3 30.0
3 30.0
3 30.0
3 30.0
3 30.0
3 30.0
3 30.0
3 30.0
3 30.0
3 30.0
3 30.0
3 40.0
3 40.0
3 40.22363440999999998
3 40.0
3 40.0
3 40.0
3 40.0
3 40.0
3 40.0
3 40.0
3 40.0
3 40.0
3 40.0
3 40.0
3 40.0
3 40.0
3 40.0
3 40.0
3 40.0
3 40.0
3 50.0
3 50.0
3 50.23001616000000003
3 50.0
3 50.0
3 50.0
3 50.0
3 50.0
3 50.0
3 50.0
3 50.0
3 50.0
3 50.0
3 50.0
3 50.0
3 50.0
3 50.0
3 50.0
3 50.0
3 50.0
3 60.0
3 60.0
3 60.22924944
3 60.0
3 60.0
3 60.0
3 60.0
3 60.0
3 60.0
3 60.0
3 60.0
3 60.0
3 60.0
3 60.0
3 60.0
3 60.0
3 60.0
3 60.0
3 60.0
3 60.0
3 70.0
3 70.0
3 70.24980004000000003
3 70.0
3 70.0
3 70.0
3 70.0
3 70.0
3 70.0
3 70.0
3 70.0
3 70.0
3 70.0
3 70.0
3 70.0
3 70.0
3 70.0
3 70.0
3 70.0
3 70.0
3 80.0
3 80.0
3 80.26615281
3 80.0
3 80.0
3 80.0
3 80.0
3 80.0
3 80.0
3 80.0
3 80.0
3 80.0
3 80.0
3 80.0
3 80.0
3 80.0
3 80.0
3 80.0
3 80.0
3 80.0
3 90.0
3 90.0
3 90.29278921
3 90.0
3 90.0
3 90.0
3 90.0
3 90.0
3 90.0
3 90.0
3 90.0
3 90.0
3 90.0
3 90.0
3 90.0
3 90.0
3 90.0
3 90.0
3 90.0
3 90.0
3 100.0
3 100.0
3 100.3147210000000001
3 100.0
3 100.0
3 100.0
3 100.0
3 100.0
3 100.0
3 100.0
3 100.0
3 100.0
3 100.0
3 100.0
3 100.0
3 100.0
3 100.0
3 100.0
3 100.0
3 100.0
3 110.0
3 110.0
3 110.35070083999999996
3 110.0
3 110.0
3 110.0
3 110.0
3 110.0
3 110.0
3 110.0
3 110.0
3 110.0
3 110.0
3 110.0
3 110.0
3 110.0
3 110.0
3 110.0
3 110.0
3 110.0
3 120.0
3 120.0
3 120.391876
3 120.0
3 120.0
3 120.0
3 120.0
3 120.0
3 120.0
3 120.0
3 120.0
3 120.0
3 120.0
3 120.0
3 120.0
3 120.0
3 120.0
3 120.0
3 120.0
3 120.0
3 130.0
3 130.0
3 130.0
3 130.0
3 130.0
3 130.0
3 130.0
3 130.0
3 130.0
3 130.0
3 130.0
3 130.0
3 130.0
3 130.0
3 130.0
3 130.0
3 130.0
3 130.0
3 130.0
3 130.0
4 00.0
4 00.0
4 00.0
4 00.0
4 00.0
4 00.0
4 00.0
4 00.0
4 00.0
4 00.0
4 00.0
4 00.0
4 00.0
4 00.0
4 00.0
4 00.0
4 00.0
4 00.0
4 00.0
4 00.0
4 10.0
4 10.0
4 10.0
4 10.0
4 10.0
4 10.0
4 10.0
4 10.0
4 10.0
4 10.0
4 10.0
4 10.0
4 10.0
4 10.0
4 10.0
4 10.0
4 10.0
4 10.0
4 10.0
4 10.0
4 20.0
4 20.0
4 20.0
4 20.0
4 20.0
4 20.0
4 20.0
4 20.0
4 20.0
4 20.0
4 20.0
4 20.0
4 20.0
4 20.0
4 20.0
4 20.0
4 20.0
4 20.0
4 20.0
4 20.0
4 30.0
4 30.0
4 30.0
4 30.0
4 30.0
4 30.0
4 30.0
4 30.0
4 30.0
4 30.0
4 30.0
4 30.0
4 30.0
4 30.0
4 30.0
4 30.0
4 30.0
4 30.0
4 30.0
4 30.0
4 40.0
4 40.0
4 40.47872560999999997
4 40.0
4 40.0
4 40.0
4 40.0
4 40.0
4 40.0
4 40.0
4 40.0
4 40.0
4 40.0
4 40.0
4 40.0
4 40.0
4 40.0
4 40.0
4 40.0
4 40.0
4 50.0
4 50.0
4 50.244036
4 50.0
4 50.0
4 50.0
4 50.0
4 50.0
4 50.0
4 50.0
4 50.0
4 50.0
4 50.0
4 50.0
4 50.0
4 50.0
4 50.0
4 50.0
4 50.0
4 50.0
4 60.0
4 60.0
4 60.253009
4 60.0
4 60.0
4 60.0
4 60.0
4 60.0
4 60.0
4 60.0
4 60.0
4 60.0
4 60.0
4 60.0
4 60.0
4 60.0
4 60.0
4 60.0
4 60.0
4 60.0
4 70.0
4 70.0
4 70.26347688999999996
4 70.0
4 70.0
4 70.0
4 70.0
4 70.0
4 70.0
4 70.0
4 70.0
4 70.0
4 70.0
4 70.0
4 70.0
4 70.0
4 70.0
4 70.0
4 70.0
4 70.0
4 80.0
4 80.0
4 80.27300624999999995
4 80.0
4 80.0
4 80.0
4 80.0
4 80.0
4 80.0
4 80.0
4 80.0
4 80.0
4 80.0
4 80.0
4 80.0
4 80.0
4 80.0
4 80.0
4 80.0
4 80.0
4 90.0
4 90.0
4 90.29778848999999996
4 90.0
4 90.0
4 90.0
4 90.0
4 90.0
4 90.0
4 90.0
4 90.0
4 90.0
4 90.0
4 90.0
4 90.0
4 90.0
4 90.0
4 90.0
4 90.0
4 90.0
4 100.0
4 100.0
4 100.33051000999999997
4 100.0
4 100.0
4 100.0
4 100.0
4 100.0
4 100.0
4 100.0
4 100.0
4 100.0
4 100.0
4 100.0
4 100.0
4 100.0
4 100.0
4 100.0
4 100.0
4 100.0
4 110.0
4 110.0
4 110.35533520999999996
4 110.0
4 110.0
4 110.0
4 110.0
4 110.0
4 110.0
4 110.0
4 110.0
4 110.0
4 110.0
4 110.0
4 110.0
4 110.0
4 110.0
4 110.0
4 110.0
4 110.0
4 120.0
4 120.0
4 120.400689
4 120.0
4 120.0
4 120.0
4 120.0
4 120.0
4 120.0
4 120.0
4 120.0
4 120.0
4 120.0
4 120.0
4 120.0
4 120.0
4 120.0
4 120.0
4 120.0
4 120.0
4 130.0
4 130.0
4 130.0
4 130.0
4 130.0
4 130.0
4 130.0
4 130.0
4 130.0
4 130.0
4 130.0
4 130.0
4 130.0
4 130.0
4 130.0
4 130.0
4 130.0
4 130.0
4 130.0
4 130.0
5 00.0
5 00.0
5 00.0
5 00.0
5 00.0
5 00.0
5 00.0
5 00.0
5 00.0
5 00.0
5 00.0
5 00.0
5 00.0
5 00.0
5 00.0
5 00.0
5 00.0
5 00.0
5 00.0
5 00.0
5 10.0
5 10.0
5 10.0
5 10.0
5 10.0
5 10.0
5 10.0
5 10.0
5 10.0
5 10.0
5 10.0
5 10.0
5 10.0
5 10.0
5 10.0
5 10.0
5 10.0
5 10.0
5 10.0
5 10.0
5 20.0
5 20.0
5 20.0
5 20.0
5 20.0
5 20.0
5 20.0
5 20.0
5 20.0
5 20.0
5 20.0
5 20.0
5 20.0
5 20.0
5 20.0
5 20.0
5 20.0
5 20.0
5 20.0
5 20.0
5 30.0
5 30.0
5 30.0
5 30.0
5 30.0
5 30.0
5 30.0
5 30.0
5 30.0
5 30.0
5 30.0
5 30.0
5 30.0
5 30.0
5 30.0
5 30.0
5 30.0
5 30.0
5 30.0
5 30.0
5 40.0
5 40.0
5 40.0
5 40.0
5 40.0
5 40.0
5 40.0
5 40.0
5 40.0
5 40.0
5 40.0
5 40.0
5 40.0
5 40.0
5 40.0
5 40.0
5 40.0
5 40.0
5 40.0
5 40.0
5 50.0
5 50.0
5 50.48972003999999997
5 50.0
5 50.0
5 50.0
5 50.0
5 50.0
5 50.0
5 50.0
5 50.0
5 50.0
5 50.0
5 50.0
5 50.0
5 50.0
5 50.0
5 50.0
5 50.0
5 50.0
5 60.0
5 60.0
5 60.26337424
5 60.0
5 60.0
5 60.0
5 60.0
5 60.0
5 60.0
5 60.0
5 60.0
5 60.0
5 60.0
5 60.0
5 60.0
5 60.0
5 60.0
5 60.0
5 60.0
5 60.0
5 70.0
5 70.0
5 70.27237961000000005
5 70.0
5 70.0
5 70.0
5 70.0
5 70.0
5 70.0
5 70.0
5 70.0
5 70.0
5 70.0
5 70.0
5 70.0
5 70.0
5 70.0
5 70.0
5 70.0
5 70.0
5 80.0
5 80.0
5 80.31047184000000005
5 80.0
5 80.0
5 80.0
5 80.0
5 80.0
5 80.0
5 80.0
5 80.0
5 80.0
5 80.0
5 80.0
5 80.0
5 80.0
5 80.0
5 80.0
5 80.0
5 80.0
5 90.0
5 90.0
5 90.32798529
5 90.0
5 90.0
5 90.0
5 90.0
5 90.0
5 90.0
5 90.0
5 90.0
5 90.0
5 90.0
5 90.0
5 90.0
5 90.0
5 90.0
5 90.0
5 90.0
5 90.0
5 100.0
5 100.0
5 100.32959081000000007
5 100.0
5 100.0
5 100.0
5 100.0
5 100.0
5 100.0
5 100.0
5 100.0
5 100.0
5 100.0
5 100.0
5 100.0
5 100.0
5 100.0
5 100.0
5 100.0
5 100.0
5 110.0
5 110.0
5 110.37564641
5 110.0
5 110.0
5 110.0
5 110.0
5 110.0
5 110.0
5 110.0
5 110.0
5 110.0
5 110.0
5 110.0
5 110.0
5 110.0
5 110.0
5 110.0
5 110.0
5 110.0
5 120.0
5 120.0
5 120.41447844000000006
5 120.0
5 120.0
5 120.0
5 120.0
5 120.0
5 120.0
5 120.0
5 120.0
5 120.0
5 120.0
5 120.0
5 120.0
5 120.0
5 120.0
5 120.0
5 120.0
5 120.0
5 130.0
5 130.0
5 130.0
5 130.0
5 130.0
5 130.0
5 130.0
5 130.0
5 130.0
5 130.0
5 130.0
5 130.0
5 130.0
5 130.0
5 130.0
5 130.0
5 130.0
5 130.0
5 130.0
5 130.0
6 00.0
6 00.0
6 00.0
6 00.0
6 00.0
6 00.0
6 00.0
6 00.0
6 00.0
6 00.0
6 00.0
6 00.0
6 00.0
6 00.0
6 00.0
6 00.0
6 00.0
6 00.0
6 00.0
6 00.0
6 10.0
6 10.0
6 10.0
6 10.0
6 10.0
6 10.0
6 10.0
6 10.0
6 10.0
6 10.0
6 10.0
6 10.0
6 10.0
6 10.0
6 10.0
6 10.0
6 10.0
6 10.0
6 10.0
6 10.0
6 20.0
6 20.0
6 20.0
6 20.0
6 20.0
6 20.0
6 20.0
6 20.0
6 20.0
6 20.0
6 20.0
6 20.0
6 20.0
6 20.0
6 20.0
6 20.0
6 20.0
6 20.0
6 20.0
6 20.0
6 30.0
6 30.0
6 30.0
6 30.0
6 30.0
6 30.0
6 30.0
6 30.0
6 30.0
6 30.0
6 30.0
6 30.0
6 30.0
6 30.0
6 30.0
6 30.0
6 30.0
6 30.0
6 30.0
6 30.0
6 40.0
6 40.0
6 40.0
6 40.0
6 40.0
6 40.0
6 40.0
6 40.0
6 40.0
6 40.0
6 40.0
6 40.0
6 40.0
6 40.0
6 40.0
6 40.0
6 40.0
6 40.0
6 40.0
6 40.0
6 50.0
6 50.0
6 50.0
6 50.0
6 50.0
6 50.0
6 50.0
6 50.0
6 50.0
6 50.0
6 50.0
6 50.0
6 50.0
6 50.0
6 50.0
6 50.0
6 50.0
6 50.0
6 50.0
6 50.0
6 60.0
6 60.0
6 60.5364097600000001
6 60.0
6 60.0
6 60.0
6 60.0
6 60.0
6 60.0
6 60.0
6 60.0
6 60.0
6 60.0
6 60.0
6 60.0
6 60.0
6 60.0
6 60.0
6 60.0
6 60.0
6 70.0
6 70.0
6 70.30470400000000003
6 70.0
6 70.0
6 70.0
6 70.0
6 70.0
6 70.0
6 70.0
6 70.0
6 70.0
6 70.0
6 70.0
6 70.0
6 70.0
6 70.0
6 70.0
6 70.0
6 70.0
6 80.0
6 80.0
6 80.31945104
6 80.0
6 80.0
6 80.0
6 80.0
6 80.0
6 80.0
6 80.0
6 80.0
6 80.0
6 80.0
6 80.0
6 80.0
6 80.0
6 80.0
6 80.0
6 80.0
6 80.0
6 90.0
6 90.0
6 90.354025
6 90.0
6 90.0
6 90.0
6 90.0
6 90.0
6 90.0
6 90.0
6 90.0
6 90.0
6 90.0
6 90.0
6 90.0
6 90.0
6 90.0
6 90.0
6 90.0
6 90.0
6 100.0
6 100.0
6 100.36978561
6 100.0
6 100.0
6 100.0
6 100.0
6 100.0
6 100.0
6 100.0
6 100.0
6 100.0
6 100.0
6 100.0
6 100.0
6 100.0
6 100.0
6 100.0
6 100.0
6 100.0
6 110.0
6 110.0
6 110.38464803999999997
6 110.0
6 110.0
6 110.0
6 110.0
6 110.0
6 110.0
6 110.0
6 110.0
6 110.0
6 110.0
6 110.0
6 110.0
6 110.0
6 110.0
6 110.0
6 110.0
6 110.0
6 120.0
6 120.0
6 120.43414921000000006
6 120.0
6 120.0
6 120.0
6 120.0
6 120.0
6 120.0
6 120.0
6 120.0
6 120.0
6 120.0
6 120.0
6 120.0
6 120.0
6 120.0
6 120.0
6 120.0
6 120.0
6 130.0
6 130.0
6 130.0
6 130.0
6 130.0
6 130.0
6 130.0
6 130.0
6 130.0
6 130.0
6 130.0
6 130.0
6 130.0
6 130.0
6 130.0
6 130.0
6 130.0
6 130.0
6 130.0
6 130.0
7 00.0
7 00.0
7 00.0
7 00.0
7 00.0
7 00.0
7 00.0
7 00.0
7 00.0
7 00.0
7 00.0
7 00.0
7 00.0
7 00.0
7 00.0
7 00.0
7 00.0
7 00.0
7 00.0
7 00.0
7 10.0
7 10.0
7 10.0
7 10.0
7 10.0
7 10.0
7 10.0
7 10.0
7 10.0
7 10.0
7 10.0
7 10.0
7 10.0
7 10.0
7 10.0
7 10.0
7 10.0
7 10.0
7 10.0
7 10.0
7 20.0
7 20.0
7 20.0
7 20.0
7 20.0
7 20.0
7 20.0
7 20.0
7 20.0
7 20.0
7 20.0
7 20.0
7 20.0
7 20.0
7 20.0
7 20.0
7 20.0
7 20.0
7 20.0
7 20.0
7 30.0
7 30.0
7 30.0
7 30.0
7 30.0
7 30.0
7 30.0
7 30.0
7 30.0
7 30.0
7 30.0
7 30.0
7 30.0
7 30.0
7 30.0
7 30.0
7 30.0
7 30.0
7 30.0
7 30.0
7 40.0
7 40.0
7 40.0
7 40.0
7 40.0
7 40.0
7 40.0
7 40.0
7 40.0
7 40.0
7 40.0
7 40.0
7 40.0
7 40.0
7 40.0
7 40.0
7 40.0
7 40.0
7 40.0
7 40.0
7 50.0
7 50.0
7 50.0
7 50.0
7 50.0
7 50.0
7 50.0
7 50.0
7 50.0
7 50.0
7 50.0
7 50.0
7 50.0
7 50.0
7 50.0
7 50.0
7 50.0
7 50.0
7 50.0
7 50.0
7 60.0
7 60.0
7 60.0
7 60.0
7 60.0
7 60.0
7 60.0
7 60.0
7 60.0
7 60.0
7 60.0
7 60.0
7 60.0
7 60.0
7 60.0
7 60.0
7 60.0
7 60.0
7 60.0
7 60.0
7 70.0
7 70.0
7 70.57820816
7 70.0
7 70.0
7 70.0
7 70.0
7 70.0
7 70.0
7 70.0
7 70.0
7 70.0
7 70.0
7 70.0
7 70.0
7 70.0
7 70.0
7 70.0
7 70.0
7 70.0
7 80.0
7 80.0
7 80.33907329
7 80.0
7 80.0
7 80.0
7 80.0
7 80.0
7 80.0
7 80.0
7 80.0
7 80.0
7 80.0
7 80.0
7 80.0
7 80.0
7 80.0
7 80.0
7 80.0
7 80.0
7 90.0
7 90.0
7 90.36
7 90.0
7 90.0
7 90.0
7 90.0
7 90.0
7 90.0
7 90.0
7 90.0
7 90.0
7 90.0
7 90.0
7 90.0
7 90.0
7 90.0
7 90.0
7 90.0
7 90.0
7 100.0
7 100.0
7 100.39212643999999997
7 100.0
7 100.0
7 100.0
7 100.0
7 100.0
7 100.0
7 100.0
7 100.0
7 100.0
7 100.0
7 100.0
7 100.0
7 100.0
7 100.0
7 100.0
7 100.0
7 100.0
7 110.0
7 110.0
7 110.42068195999999997
7 110.0
7 110.0
7 110.0
7 110.0
7 110.0
7 110.0
7 110.0
7 110.0
7 110.0
7 110.0
7 110.0
7 110.0
7 110.0
7 110.0
7 110.0
7 110.0
7 110.0
7 120.0
7 120.0
7 120.44368921000000006
7 120.0
7 120.0
7 120.0
7 120.0
7 120.0
7 120.0
7 120.0
7 120.0
7 120.0
7 120.0
7 120.0
7 120.0
7 120.0
7 120.0
7 120.0
7 120.0
7 120.0
7 130.0
7 130.0
7 130.0
7 130.0
7 130.0
7 130.0
7 130.0
7 130.0
7 130.0
7 130.0
7 130.0
7 130.0
7 130.0
7 130.0
7 130.0
7 130.0
7 130.0
7 130.0
7 130.0
7 130.0
8 00.0
8 00.0
8 00.0
8 00.0
8 00.0
8 00.0
8 00.0
8 00.0
8 00.0
8 00.0
8 00.0
8 00.0
8 00.0
8 00.0
8 00.0
8 00.0
8 00.0
8 00.0
8 00.0
8 00.0
8 10.0
8 10.0
8 10.0
8 10.0
8 10.0
8 10.0
8 10.0
8 10.0
8 10.0
8 10.0
8 10.0
8 10.0
8 10.0
8 10.0
8 10.0
8 10.0
8 10.0
8 10.0
8 10.0
8 10.0
8 20.0
8 20.0
8 20.0
8 20.0
8 20.0
8 20.0
8 20.0
8 20.0
8 20.0
8 20.0
8 20.0
8 20.0
8 20.0
8 20.0
8 20.0
8 20.0
8 20.0
8 20.0
8 20.0
8 20.0
8 30.0
8 30.0
8 30.0
8 30.0
8 30.0
8 30.0
8 30.0
8 30.0
8 30.0
8 30.0
8 30.0
8 30.0
8 30.0
8 30.0
8 30.0
8 30.0
8 30.0
8 30.0
8 30.0
8 30.0
8 40.0
8 40.0
8 40.0
8 40.0
8 40.0
8 40.0
8 40.0
8 40.0
8 40.0
8 40.0
8 40.0
8 40.0
8 40.0
8 40.0
8 40.0
8 40.0
8 40.0
8 40.0
8 40.0
8 40.0
8 50.0
8 50.0
8 50.0
8 50.0
8 50.0
8 50.0
8 50.0
8 50.0
8 50.0
8 50.0
8 50.0
8 50.0
8 50.0
8 50.0
8 50.0
8 50.0
8 50.0
8 50.0
8 50.0
8 50.0
8 60.0
8 60.0
8 60.0
8 60.0
8 60.0
8 60.0
8 60.0
8 60.0
8 60.0
8 60.0
8 60.0
8 60.0
8 60.0
8 60.0
8 60.0
8 60.0
8 60.0
8 60.0
8 60.0
8 60.0
8 70.0
8 70.0
8 70.0
8 70.0
8 70.0
8 70.0
8 70.0
8 70.0
8 70.0
8 70.0
8 70.0
8 70.0
8 70.0
8 70.0
8 70.0
8 70.0
8 70.0
8 70.0
8 70.0
8 70.0
8 80.0
8 80.0
8 80.61669609
8 80.0
8 80.0
8 80.0
8 80.0
8 80.0
8 80.0
8 80.0
8 80.0
8 80.0
8 80.0
8 80.0
8 80.0
8 80.0
8 80.0
8 80.0
8 80.0
8 80.0
8 90.0
8 90.0
8 90.39980329
8 90.0
8 90.0
8 90.0
8 90.0
8 90.0
8 90.0
8 90.0
8 90.0
8 90.0
8 90.0
8 90.0
8 90.0
8 90.0
8 90.0
8 90.0
8 90.0
8 90.0
8 100.0
8 100.0
8 100.41267775999999995
8 100.0
8 100.0
8 100.0
8 100.0
8 100.0
8 100.0
8 100.0
8 100.0
8 100.0
8 100.0
8 100.0
8 100.0
8 100.0
8 100.0
8 100.0
8 100.0
8 100.0
8 110.0
8 110.0
8 110.44156025
8 110.0
8 110.0
8 110.0
8 110.0
8 110.0
8 110.0
8 110.0
8 110.0
8 110.0
8 110.0
8 110.0
8 110.0
8 110.0
8 110.0
8 110.0
8 110.0
8 110.0
8 120.0
8 120.0
8 120.47568608999999995
8 120.0
8 120.0
8 120.0
8 120.0
8 120.0
8 120.0
8 120.0
8 120.0
8 120.0
8 120.0
8 120.0
8 120.0
8 120.0
8 120.0
8 120.0
8 120.0
8 120.0
8 130.0
8 130.0
8 130.0
8 130.0
8 130.0
8 130.0
8 130.0
8 130.0
8 130.0
8 130.0
8 130.0
8 130.0
8 130.0
8 130.0
8 130.0
8 130.0
8 130.0
8 130.0
8 130.0
8 130.0
9 00.0
9 00.0
9 00.0
9 00.0
9 00.0
9 00.0
9 00.0
9 00.0
9 00.0
9 00.0
9 00.0
9 00.0
9 00.0
9 00.0
9 00.0
9 00.0
9 00.0
9 00.0
9 00.0
9 00.0
9 10.0
9 10.0
9 10.0
9 10.0
9 10.0
9 10.0
9 10.0
9 10.0
9 10.0
9 10.0
9 10.0
9 10.0
9 10.0
9 10.0
9 10.0
9 10.0
9 10.0
9 10.0
9 10.0
9 10.0
9 20.0
9 20.0
9 20.0
9 20.0
9 20.0
9 20.0
9 20.0
9 20.0
9 20.0
9 20.0
9 20.0
9 20.0
9 20.0
9 20.0
9 20.0
9 20.0
9 20.0
9 20.0
9 20.0
9 20.0
9 30.0
9 30.0
9 30.0
9 30.0
9 30.0
9 30.0
9 30.0
9 30.0
9 30.0
9 30.0
9 30.0
9 30.0
9 30.0
9 30.0
9 30.0
9 30.0
9 30.0
9 30.0
9 30.0
9 30.0
9 40.0
9 40.0
9 40.0
9 40.0
9 40.0
9 40.0
9 40.0
9 40.0
9 40.0
9 40.0
9 40.0
9 40.0
9 40.0
9 40.0
9 40.0
9 40.0
9 40.0
9 40.0
9 40.0
9 40.0
9 50.0
9 50.0
9 50.0
9 50.0
9 50.0
9 50.0
9 50.0
9 50.0
9 50.0
9 50.0
9 50.0
9 50.0
9 50.0
9 50.0
9 50.0
9 50.0
9 50.0
9 50.0
9 50.0
9 50.0
9 60.0
9 60.0
9 60.0
9 60.0
9 60.0
9 60.0
9 60.0
9 60.0
9 60.0
9 60.0
9 60.0
9 60.0
9 60.0
9 60.0
9 60.0
9 60.0
9 60.0
9 60.0
9 60.0
9 60.0
9 70.0
9 70.0
9 70.0
9 70.0
9 70.0
9 70.0
9 70.0
9 70.0
9 70.0
9 70.0
9 70.0
9 70.0
9 70.0
9 70.0
9 70.0
9 70.0
9 70.0
9 70.0
9 70.0
9 70.0
9 80.0
9 80.0
9 80.0
9 80.0
9 80.0
9 80.0
9 80.0
9 80.0
9 80.0
9 80.0
9 80.0
9 80.0
9 80.0
9 80.0
9 80.0
9 80.0
9 80.0
9 80.0
9 80.0
9 80.0
9 90.0
9 90.0
9 90.6514104100000001
9 90.0
9 90.0
9 90.0
9 90.0
9 90.0
9 90.0
9 90.0
9 90.0
9 90.0
9 90.0
9 90.0
9 90.0
9 90.0
9 90.0
9 90.0
9 90.0
9 90.0
9 100.0
9 100.0
9 100.41332041
9 100.0
9 100.0
9 100.0
9 100.0
9 100.0
9 100.0
9 100.0
9 100.0
9 100.0
9 100.0
9 100.0
9 100.0
9 100.0
9 100.0
9 100.0
9 100.0
9 100.0
9 110.0
9 110.0
9 110.43903876
9 110.0
9 110.0
9 110.0
9 110.0
9 110.0
9 110.0
9 110.0
9 110.0
9 110.0
9 110.0
9 110.0
9 110.0
9 110.0
9 110.0
9 110.0
9 110.0
9 110.0
9 120.0
9 120.0
9 120.48902049000000003
9 120.0
9 120.0
9 120.0
9 120.0
9 120.0
9 120.0
9 120.0
9 120.0
9 120.0
9 120.0
9 120.0
9 120.0
9 120.0
9 120.0
9 120.0
9 120.0
9 120.0
9 130.0
9 130.0
9 130.0
9 130.0
9 130.0
9 130.0
9 130.0
9 130.0
9 130.0
9 130.0
9 130.0
9 130.0
9 130.0
9 130.0
9 130.0
9 130.0
9 130.0
9 130.0
9 130.0
9 130.0
10 00.0
10 00.0
10 00.0
10 00.0
10 00.0
10 00.0
10 00.0
10 00.0
10 00.0
10 00.0
10 00.0
10 00.0
10 00.0
10 00.0
10 00.0
10 00.0
10 00.0
10 00.0
10 00.0
10 00.0
10 10.0
10 10.0
10 10.0
10 10.0
10 10.0
10 10.0
10 10.0
10 10.0
10 10.0
10 10.0
10 10.0
10 10.0
10 10.0
10 10.0
10 10.0
10 10.0
10 10.0
10 10.0
10 10.0
10 10.0
10 20.0
10 20.0
10 20.0
10 20.0
10 20.0
10 20.0
10 20.0
10 20.0
10 20.0
10 20.0
10 20.0
10 20.0
10 20.0
10 20.0
10 20.0
10 20.0
10 20.0
10 20.0
10 20.0
10 20.0
10 30.0
10 30.0
10 30.0
10 30.0
10 30.0
10 30.0
10 30.0
10 30.0
10 30.0
10 30.0
10 30.0
10 30.0
10 30.0
10 30.0
10 30.0
10 30.0
10 30.0
10 30.0
10 30.0
10 30.0
10 40.0
10 40.0
10 40.0
10 40.0
10 40.0
10 40.0
10 40.0
10 40.0
10 40.0
10 40.0
10 40.0
10 40.0
10 40.0
10 40.0
10 40.0
10 40.0
10 40.0
10 40.0
10 40.0
10 40.0
10 50.0
10 50.0
10 50.0
10 50.0
10 50.0
10 50.0
10 50.0
10 50.0
10 50.0
10 50.0
10 50.0
10 50.0
10 50.0
10 50.0
10 50.0
10 50.0
10 50.0
10 50.0
10 50.0
10 50.0
10 60.0
10 60.0
10 60.0
10 60.0
10 60.0
10 60.0
10 60.0
10 60.0
10 60.0
10 60.0
10 60.0
10 60.0
10 60.0
10 60.0
10 60.0
10 60.0
10 60.0
10 60.0
10 60.0
10 60.0
10 70.0
10 70.0
10 70.0
10 70.0
10 70.0
10 70.0
10 70.0
10 70.0
10 70.0
10 70.0
10 70.0
10 70.0
10 70.0
10 70.0
10 70.0
10 70.0
10 70.0
10 70.0
10 70.0
10 70.0
10 80.0
10 80.0
10 80.0
10 80.0
10 80.0
10 80.0
10 80.0
10 80.0
10 80.0
10 80.0
10 80.0
10 80.0
10 80.0
10 80.0
10 80.0
10 80.0
10 80.0
10 80.0
10 80.0
10 80.0
10 90.0
10 90.0
10 90.0
10 90.0
10 90.0
10 90.0
10 90.0
10 90.0
10 90.0
10 90.0
10 90.0
10 90.0
10 90.0
10 90.0
10 90.0
10 90.0
10 90.0
10 90.0
10 90.0
10 90.0
10 100.0
10 100.0
10 100.6957228099999999
10 100.0
10 100.0
10 100.0
10 100.0
10 100.0
10 100.0
10 100.0
10 100.0
10 100.0
10 100.0
10 100.0
10 100.0
10 100.0
10 100.0
10 100.0
10 100.0
10 100.0
10 110.0
10 110.0
10 110.47279376
10 110.0
10 110.0
10 110.0
10 110.0
10 110.0
10 110.0
10 110.0
10 110.0
10 110.0
10 110.0
10 110.0
10 110.0
10 110.0
10 110.0
10 110.0
10 110.0
10 110.0
10 120.0
10 120.0
10 120.50098084
10 120.0
10 120.0
10 120.0
10 120.0
10 120.0
10 120.0
10 120.0
10 120.0
10 120.0
10 120.0
10 120.0
10 120.0
10 120.0
10 120.0
10 120.0
10 120.0
10 120.0
10 130.0
10 130.0
10 130.0
10 130.0
10 130.0
10 130.0
10 130.0
10 130.0
10 130.0
10 130.0
10 130.0
10 130.0
10 130.0
10 130.0
10 130.0
10 130.0
10 130.0
10 130.0
10 130.0
10 130.0
11 00.0
11 00.0
11 00.0
11 00.0
11 00.0
11 00.0
11 00.0
11 00.0
11 00.0
11 00.0
11 00.0
11 00.0
11 00.0
11 00.0
11 00.0
11 00.0
11 00.0
11 00.0
11 00.0
11 00.0
11 10.0
11 10.0
11 10.0
11 10.0
11 10.0
11 10.0
11 10.0
11 10.0
11 10.0
11 10.0
11 10.0
11 10.0
11 10.0
11 10.0
11 10.0
11 10.0
11 10.0
11 10.0
11 10.0
11 10.0
11 20.0
11 20.0
11 20.0
11 20.0
11 20.0
11 20.0
11 20.0
11 20.0
11 20.0
11 20.0
11 20.0
11 20.0
11 20.0
11 20.0
11 20.0
11 20.0
11 20.0
11 20.0
11 20.0
11 20.0
11 30.0
11 30.0
11 30.0
11 30.0
11 30.0
11 30.0
11 30.0
11 30.0
11 30.0
11 30.0
11 30.0
11 30.0
11 30.0
11 30.0
11 30.0
11 30.0
11 30.0
11 30.0
11 30.0
11 30.0
11 40.0
11 40.0
11 40.0
11 40.0
11 40.0
11 40.0
11 40.0
11 40.0
11 40.0
11 40.0
11 40.0
11 40.0
11 40.0
11 40.0
11 40.0
11 40.0
11 40.0
11 40.0
11 40.0
11 40.0
11 50.0
11 50.0
11 50.0
11 50.0
11 50.0
11 50.0
11 50.0
11 50.0
11 50.0
11 50.0
11 50.0
11 50.0
11 50.0
11 50.0
11 50.0
11 50.0
11 50.0
11 50.0
11 50.0
11 50.0
11 60.0
11 60.0
11 60.0
11 60.0
11 60.0
11 60.0
11 60.0
11 60.0
11 60.0
11 60.0
11 60.0
11 60.0
11 60.0
11 60.0
11 60.0
11 60.0
11 60.0
11 60.0
11 60.0
11 60.0
11 70.0
11 70.0
11 70.0
11 70.0
11 70.0
11 70.0
11 70.0
11 70.0
11 70.0
11 70.0
11 70.0
11 70.0
11 70.0
11 70.0
11 70.0
11 70.0
11 70.0
11 70.0
11 70.0
11 70.0
11 80.0
11 80.0
11 80.0
11 80.0
11 80.0
11 80.0
11 80.0
11 80.0
11 80.0
11 80.0
11 80.0
11 80.0
11 80.0
11 80.0
11 80.0
11 80.0
11 80.0
11 80.0
11 80.0
11 80.0
11 90.0
11 90.0
11 90.0
11 90.0
11 90.0
11 90.0
11 90.0
11 90.0
11 90.0
11 90.0
11 90.0
11 90.0
11 90.0
11 90.0
11 90.0
11 90.0
11 90.0
11 90.0
11 90.0
11 90.0
11 100.0
11 100.0
11 100.0
11 100.0
11 100.0
11 100.0
11 100.0
11 100.0
11 100.0
11 100.0
11 100.0
11 100.0
11 100.0
11 100.0
11 100.0
11 100.0
11 100.0
11 100.0
11 100.0
11 100.0
11 110.0
11 110.0
11 110.7264152899999999
11 110.0
11 110.0
11 110.0
11 110.0
11 110.0
11 110.0
11 110.0
11 110.0
11 110.0
11 110.0
11 110.0
11 110.0
11 110.0
11 110.0
11 110.0
11 110.0
11 110.0
11 120.0
11 120.0
11 120.5125128099999999
11 120.0
11 120.0
11 120.0
11 120.0
11 120.0
11 120.0
11 120.0
11 120.0
11 120.0
11 120.0
11 120.0
11 120.0
11 120.0
11 120.0
11 120.0
11 120.0
11 120.0
11 130.0
11 130.0
11 130.0
11 130.0
11 130.0
11 130.0
11 130.0
11 130.0
11 130.0
11 130.0
11 130.0
11 130.0
11 130.0
11 130.0
11 130.0
11 130.0
11 130.0
11 130.0
11 130.0
11 130.0
12 00.0
12 00.0
12 00.0
12 00.0
12 00.0
12 00.0
12 00.0
12 00.0
12 00.0
12 00.0
12 00.0
12 00.0
12 00.0
12 00.0
12 00.0
12 00.0
12 00.0
12 00.0
12 00.0
12 00.0
12 10.0
12 10.0
12 10.0
12 10.0
12 10.0
12 10.0
12 10.0
12 10.0
12 10.0
12 10.0
12 10.0
12 10.0
12 10.0
12 10.0
12 10.0
12 10.0
12 10.0
12 10.0
12 10.0
12 10.0
12 20.0
12 20.0
12 20.0
12 20.0
12 20.0
12 20.0
12 20.0
12 20.0
12 20.0
12 20.0
12 20.0
12 20.0
12 20.0
12 20.0
12 20.0
12 20.0
12 20.0
12 20.0
12 20.0
12 20.0
12 30.0
12 30.0
12 30.0
12 30.0
12 30.0
12 30.0
12 30.0
12 30.0
12 30.0
12 30.0
12 30.0
12 30.0
12 30.0
12 30.0
12 30.0
12 30.0
12 30.0
12 30.0
12 30.0
12 30.0
12 40.0
12 40.0
12 40.0
12 40.0
12 40.0
12 40.0
12 40.0
12 40.0
12 40.0
12 40.0
12 40.0
12 40.0
12 40.0
12 40.0
12 40.0
12 40.0
12 40.0
12 40.0
12 40.0
12 40.0
12 50.0
12 50.0
12 50.0
12 50.0
12 50.0
12 50.0
12 50.0
12 50.0
12 50.0
12 50.0
12 50.0
12 50.0
12 50.0
12 50.0
12 50.0
12 50.0
12 50.0
12 50.0
12 50.0
12 50.0
12 60.0
12 60.0
12 60.0
12 60.0
12 60.0
12 60.0
12 60.0
12 60.0
12 60.0
12 60.0
12 60.0
12 60.0
12 60.0
12 60.0
12 60.0
12 60.0
12 60.0
12 60.0
12 60.0
12 60.0
12 70.0
12 70.0
12 70.0
12 70.0
12 70.0
12 70.0
12 70.0
12 70.0
12 70.0
12 70.0
12 70.0
12 70.0
12 70.0
12 70.0
12 70.0
12 70.0
12 70.0
12 70.0
12 70.0
12 70.0
12 80.0
12 80.0
12 80.0
12 80.0
12 80.0
12 80.0
12 80.0
12 80.0
12 80.0
12 80.0
12 80.0
12 80.0
12 80.0
12 80.0
12 80.0
12 80.0
12 80.0
12 80.0
12 80.0
12 80.0
12 90.0
12 90.0
12 90.0
12 90.0
12 90.0
12 90.0
12 90.0
12 90.0
12 90.0
12 90.0
12 90.0
12 90.0
12 90.0
12 90.0
12 90.0
12 90.0
12 90.0
12 90.0
12 90.0
12 90.0
12 100.0
12 100.0
12 100.0
12 100.0
12 100.0
12 100.0
12 100.0
12 100.0
12 100.0
12 100.0
12 100.0
12 100.0
12 100.0
12 100.0
12 100.0
12 100.0
12 100.0
12 100.0
12 100.0
12 100.0
12 110.0
12 110.0
12 110.0
12 110.0
12 110.0
12 110.0
12 110.0
12 110.0
12 110.0
12 110.0
12 110.0
12 110.0
12 110.0
12 110.0
12 110.0
12 110.0
12 110.0
12 110.0
12 110.0
12 110.0
12 120.0
12 120.0
12 120.765625
12 120.0
12 120.0
12 120.0
12 120.0
12 120.0
12 120.0
12 120.0
12 120.0
12 120.0
12 120.0
12 120.0
12 120.0
12 120.0
12 120.0
12 120.0
12 120.0
12 120.0
12 130.0
12 130.0
12 130.0
12 130.0
12 130.0
12 130.0
12 130.0
12 130.0
12 130.0
12 130.0
12 130.0
12 130.0
12 130.0
12 130.0
12 130.0
12 130.0
12 130.0
12 130.0
12 130.0
12 130.0
13 00.0
13 00.0
13 00.0
13 00.0
13 00.0
13 00.0
13 00.0
13 00.0
13 00.0
13 00.0
13 00.0
13 00.0
13 00.0
13 00.0
13 00.0
13 00.0
13 00.0
13 00.0
13 00.0
13 00.0
13 10.0
13 10.0
13 10.0
13 10.0
13 10.0
13 10.0
13 10.0
13 10.0
13 10.0
13 10.0
13 10.0
13 10.0
13 10.0
13 10.0
13 10.0
13 10.0
13 10.0
13 10.0
13 10.0
13 10.0
13 20.0
13 20.0
13 20.0
13 20.0
13 20.0
13 20.0
13 20.0
13 20.0
13 20.0
13 20.0
13 20.0
13 20.0
13 20.0
13 20.0
13 20.0
13 20.0
13 20.0
13 20.0
13 20.0
13 20.0
13 30.0
13 30.0
13 30.0
13 30.0
13 30.0
13 30.0
13 30.0
13 30.0
13 30.0
13 30.0
13 30.0
13 30.0
13 30.0
13 30.0
13 30.0
13 30.0
13 30.0
13 30.0
13 30.0
13 30.0
13 40.0
13 40.0
13 40.0
13 40.0
13 40.0
13 40.0
13 40.0
13 40.0
13 40.0
13 40.0
13 40.0
13 40.0
13 40.0
13 40.0
13 40.0
13 40.0
13 40.0
13 40.0
13 40.0
13 40.0
13 50.0
13 50.0
13 50.0
13 50.0
13 50.0
13 50.0
13 50.0
13 50.0
13 50.0
13 50.0
13 50.0
13 50.0
13 50.0
13 50.0
13 50.0
13 50.0
13 50.0
13 50.0
13 50.0
13 50.0
13 60.0
13 60.0
13 60.0
13 60.0
13 60.0
13 60.0
13 60.0
13 60.0
13 60.0
13 60.0
13 60.0
13 60.0
13 60.0
13 60.0
13 60.0
13 60.0
13 60.0
13 60.0
13 60.0
13 60.0
13 70.0
13 70.0
13 70.0
13 70.0
13 70.0
13 70.0
13 70.0
13 70.0
13 70.0
13 70.0
13 70.0
13 70.0
13 70.0
13 70.0
13 70.0
13 70.0
13 70.0
13 70.0
13 70.0
13 70.0
13 80.0
13 80.0
13 80.0
13 80.0
13 80.0
13 80.0
13 80.0
13 80.0
13 80.0
13 80.0
13 80.0
13 80.0
13 80.0
13 80.0
13 80.0
13 80.0
13 80.0
13 80.0
13 80.0
13 80.0
13 90.0
13 90.0
13 90.0
13 90.0
13 90.0
13 90.0
13 90.0
13 90.0
13 90.0
13 90.0
13 90.0
13 90.0
13 90.0
13 90.0
13 90.0
13 90.0
13 90.0
13 90.0
13 90.0
13 90.0
13 100.0
13 100.0
13 100.0
13 100.0
13 100.0
13 100.0
13 100.0
13 100.0
13 100.0
13 100.0
13 100.0
13 100.0
13 100.0
13 100.0
13 100.0
13 100.0
13 100.0
13 100.0
13 100.0
13 100.0
13 110.0
13 110.0
13 110.0
13 110.0
13 110.0
13 110.0
13 110.0
13 110.0
13 110.0
13 110.0
13 110.0
13 110.0
13 110.0
13 110.0
13 110.0
13 110.0
13 110.0
13 110.0
13 110.0
13 110.0
13 120.0
13 120.0
13 120.0
13 120.0
13 120.0
13 120.0
13 120.0
13 120.0
13 120.0
13 120.0
13 120.0
13 120.0
13 120.0
13 120.0
13 120.0
13 120.0
13 120.0
13 120.0
13 120.0
13 120.0
13 130.0
13 130.0
13 130.0
13 130.0
13 130.0
13 130.0
13 130.0
13 130.0
13 130.0
13 130.0
13 130.0
13 130.0
13 130.0
13 130.0
13 130.0
13 130.0
13 130.0
13 130.0
13 130.0
13 130.0
