Cards Suited Num pla. Prob
0 0 0 0 0.0
0 0 0 1 0.0
0 0 0 2 0.35844169000000003
0 0 0 3 0.07967352612700002
0 0 0 4 0.014582071914062496
0 0 0 5 0.002495494896240885
0 0 0 6 2.861246088849286E-4
0 0 0 7 5.119598568692982E-5
0 0 0 8 1.0399018211437881E-5
0 0 0 9 1.992908656237642E-6
0 0 0 10 2.8171770337661175E-7
0 0 1 0 0.0
0 0 1 1 0.0
0 0 1 2 0.0
0 0 1 3 0.0
0 0 1 4 0.0
0 0 1 5 0.0
0 0 1 6 0.0
0 0 1 7 0.0
0 0 1 8 0.0
0 0 1 9 0.0
0 0 1 10 0.0
0 1 0 0 0.0
0 1 0 1 0.0
0 1 0 2 0.15217801
0 1 0 3 0.016836267546999996
0 1 0 4 0.0010335254092800998
0 1 0 5 5.359059420406998E-5
0 1 0 6 1.5261539033787847E-6
0 1 0 7 4.7090614385969625E-8
0 1 0 8 2.2092389643887007E-9
0 1 0 9 9.739927025440852E-11
0 1 0 10 1.5922622355555954E-12
0 1 1 0 0.0
0 1 1 1 0.0
0 1 1 2 0.18164644000000002
0 1 1 3 0.024313388273000003
0 1 1 4 0.0025266345646096002
0 1 1 5 2.2562861665915624E-4
0 1 1 6 1.6157819263041E-5
0 1 1 7 8.739186163266359E-7
0 1 1 8 1.285131211299697E-7
0 1 1 9 7.134826606795294E-9
0 1 1 10 4.725289571589541E-10
0 2 0 0 0.0
0 2 0 1 0.0
0 2 0 2 0.14500864000000002
0 2 0 3 0.018651791807999998
0 2 0 4 0.0012922702073855997
0 2 0 5 6.387661996482249E-5
0 2 0 6 2.2181791738935625E-6
0 2 0 7 8.315965868054827E-8
0 2 0 8 2.363152800629435E-9
0 2 0 9 1.2401056490922998E-10
0 2 0 10 5.706888270894415E-12
0 2 1 0 0.0
0 2 1 1 0.0
0 2 1 2 0.17372224
0 2 1 3 0.027270900999999997
0 2 1 4 0.0029271086396176
0 2 1 5 2.508851176844063E-4
0 2 1 6 2.14592035356658E-5
0 2 1 7 1.9536753542670316E-6
0 2 1 8 1.1566398725708265E-7
0 2 1 9 1.0458568185722915E-8
0 2 1 10 1.074465648844135E-9
0 3 0 0 0.0
0 3 0 1 0.0
0 3 0 2 0.15760900000000003
0 3 0 3 0.020079290231999995
0 3 0 4 0.001445900625
0 3 0 5 8.140406085191604E-5
0 3 0 6 3.5654210525988497E-6
0 3 0 7 7.569439352207966E-8
0 3 0 8 4.620476738619536E-9
0 3 0 9 1.4195899735875384E-10
0 3 0 10 1.1714812642407269E-11
0 3 1 0 0.0
0 3 1 1 0.0
0 3 1 2 0.18524416
0 3 1 3 0.028962726910999995
0 3 1 4 0.003102044415999999
0 3 1 5 3.0125530349797377E-4
0 3 1 6 2.5892303048703985E-5
0 3 1 7 2.2183000448072916E-6
0 3 1 8 1.4341469739110667E-7
0 3 1 9 1.5603377975013172E-8
0 3 1 10 9.463314832177966E-10
0 4 0 0 0.0
0 4 0 1 0.0
0 4 0 2 0.15421329
0 4 0 3 0.015775480512000003
0 4 0 4 0.0013703145554175996
0 4 0 5 7.052972171766365E-5
0 4 0 6 2.3988337680421732E-6
0 4 0 7 5.663911351299082E-8
0 4 0 8 2.7766219856304125E-9
0 4 0 9 6.573549620437082E-11
0 4 0 10 4.067861959759127E-12
0 4 1 0 0.0
0 4 1 1 0.0
0 4 1 2 0.18653761
0 4 1 3 0.024439494808000003
0 4 1 4 0.0030446127875601
0 4 1 5 2.783543600296563E-4
0 4 1 6 2.0179187015625006E-5
0 4 1 7 1.9006376295955606E-6
0 4 1 8 1.0333432718315482E-7
0 4 1 9 6.303780240107928E-9
0 4 1 10 5.938531341125634E-10
0 5 0 0 0.0
0 5 0 1 0.0
0 5 0 2 0.16426809
0 5 0 3 0.014598344384000001
0 5 0 4 0.0012679075871361001
0 5 0 5 5.793891921051102E-5
0 5 0 6 2.4490255635901103E-6
0 5 0 7 4.672476236580862E-8
0 5 0 8 2.8291955447655394E-9
0 5 0 9 3.734523822059785E-11
0 5 0 10 1.4314542860389369E-12
0 5 1 0 0.0
0 5 1 1 0.0
0 5 1 2 0.19061956
0 5 1 3 0.025128011089
0 5 1 4 0.0027500584810000003
0 5 1 5 2.0356013806517906E-4
0 5 1 6 2.077337960358007E-5
0 5 1 7 1.3938526413009184E-6
0 5 1 8 1.6812767245212113E-7
0 5 1 9 8.967183756637039E-9
0 5 1 10 6.038672878842538E-10
0 6 0 0 0.0
0 6 0 1 0.0
0 6 0 2 0.18122049
0 6 0 3 0.017495004736
0 6 0 4 0.0014135501997840998
0 6 0 5 8.633623368531701E-5
0 6 0 6 2.6451111757818096E-6
0 6 0 7 8.681255332467202E-8
0 6 0 8 3.1053455938824564E-9
0 6 0 9 6.900798141595829E-11
0 6 0 10 1.2854133518028018E-12
0 6 1 0 0.0
0 6 1 1 0.0
0 6 1 2 0.21215236
0 6 1 3 0.029790999999999998
0 6 1 4 0.0031656196915455996
0 6 1 5 3.0740316814311416E-4
0 6 1 6 2.5089965101891843E-5
0 6 1 7 2.382873888834516E-6
0 6 1 8 1.7981056619438258E-7
0 6 1 9 9.619859237930904E-9
0 6 1 10 7.18576289599037E-10
0 7 0 0 0.0
0 7 0 1 0.0
0 7 0 2 0.20052483999999998
0 7 0 3 0.023003227583999995
0 7 0 4 0.0017048839192575996
0 7 0 5 9.209383872631801E-5
0 7 0 6 3.925887374183365E-6
0 7 0 7 1.564229358776907E-7
0 7 0 8 3.5637809383795357E-9
0 7 0 9 8.260814132480975E-11
0 7 0 10 2.9903814596611586E-12
0 7 1 0 0.0
0 7 1 1 0.0
0 7 1 2 0.22934521
0 7 1 3 0.033479650566999995
0 7 1 4 0.0036443545848801
0 7 1 5 4.093834315411051E-4
0 7 1 6 2.4827168863016104E-5
0 7 1 7 3.458794041737789E-6
0 7 1 8 2.7899319497561073E-7
0 7 1 9 1.2846436522879645E-8
0 7 1 10 4.931512305594568E-10
0 8 0 0 0.0
0 8 0 1 0.0
0 8 0 2 0.22240656000000003
0 8 0 3 0.023788477376000004
0 8 0 4 0.0023298085122481003
0 8 0 5 9.909058578718435E-5
0 8 0 6 5.2181270590763745E-6
0 8 0 7 2.3380704523025707E-7
0 8 0 8 8.577328811186071E-9
0 8 0 9 3.611296358798551E-10
0 8 0 10 5.482971376016097E-12
0 8 1 0 0.0
0 8 1 1 0.0
0 8 1 2 0.242064
0 8 1 3 0.039931550632
0 8 1 4 0.004241531339161599
0 8 1 5 4.035711724405937E-4
0 8 1 6 3.9700993290921894E-5
0 8 1 7 3.699164798170778E-6
0 8 1 8 4.604985245975443E-7
0 8 1 9 2.2740916247951053E-8
0 8 1 10 1.2662783263238846E-9
0 9 0 0 0.0
0 9 0 1 0.0
0 9 0 2 0.25180324000000004
0 9 0 3 0.033479650566999995
0 9 0 4 0.002783838141168099
0 9 0 5 1.698359091418883E-4
0 9 0 6 7.758264550570694E-6
0 9 0 7 3.439403316417224E-7
0 9 0 8 2.3889053280825707E-8
0 9 0 9 5.729948022286167E-10
0 9 0 10 9.834037797301937E-12
0 9 1 0 0.0
0 9 1 1 0.0
0 9 1 2 0.27112849000000006
0 9 1 3 0.047437928
0 9 1 4 0.005197292510062502
0 9 1 5 4.456794513533446E-4
0 9 1 6 6.173028476117701E-5
0 9 1 7 4.986433115424921E-6
0 9 1 8 5.765868114275948E-7
0 9 1 9 4.305464025005112E-8
0 9 1 10 2.4156109058298192E-9
0 10 0 0 0.0
0 10 0 1 0.0
0 10 0 2 0.27102435999999996
0 10 0 3 0.039061739457
0 10 0 4 0.0032301672103936
0 10 0 5 2.250243625428583E-4
0 10 0 6 1.4748591480987127E-5
0 10 0 7 6.945660778315556E-7
0 10 0 8 3.037807356683093E-8
0 10 0 9 8.648800628150851E-10
0 10 0 10 3.604769527480775E-11
0 10 1 0 0.0
0 10 1 1 0.0
0 10 1 2 0.29713401
0 10 1 3 0.055088885125
0 10 1 4 0.005677660175062502
0 10 1 5 7.106242749110698E-4
0 10 1 6 6.285660551766672E-5
0 10 1 7 1.0417045929566525E-5
0 10 1 8 9.164878580663206E-7
0 10 1 9 7.900967726856472E-8
0 10 1 10 3.28671697986728E-9
0 11 0 0 0.0
0 11 0 1 0.0
0 11 0 2 0.29615364
0 11 0 3 0.04561409351700001
0 11 0 4 0.0057274639136001
0 11 0 5 3.3466154331649573E-4
0 11 0 6 2.0848668123796198E-5
0 11 0 7 1.3027597064888737E-6
0 11 0 8 8.107243339327718E-8
0 11 0 9 2.773078757450187E-9
0 11 0 10 1.5678945312418255E-10
0 11 1 0 0.0
0 11 1 1 0.0
0 11 1 2 0.32319225
0 11 1 3 0.061723537408
0 11 1 4 0.009342925550616102
0 11 1 5 0.0010593106175036868
0 11 1 6 1.1462241147203915E-4
0 11 1 7 1.348731042389472E-5
0 11 1 8 1.6841069368793213E-6
0 11 1 9 1.4098959546135037E-7
0 11 1 10 1.0858447847049597E-8
0 12 0 0 0.0
0 12 0 1 0.0
0 12 0 2 0.34327881
0 12 0 3 0.061489559123
0 12 0 4 0.008687748041448102
0 12 0 5 7.398705235497811E-4
0 12 0 6 4.061237417725878E-5
0 12 0 7 2.054210978157184E-6
0 12 0 8 1.9008278076432359E-7
0 12 0 9 7.947518929036865E-9
0 12 0 10 4.684988837315869E-10
0 12 1 0 0.0
0 12 1 1 0.0
0 12 1 2 0.37197800999999997
0 12 1 3 0.081972739584
0 12 1 4 0.0141177385112481
0 12 1 5 0.0017333650934118496
0 12 1 6 2.0896026182659218E-4
0 12 1 7 2.008796708734887E-5
0 12 1 8 3.4234975107453416E-6
0 12 1 9 3.562429543334868E-7
0 12 1 10 3.302284951968877E-8
1 0 0 0 0.0
1 0 0 1 0.0
1 0 0 2 0.0
1 0 0 3 0.0
1 0 0 4 0.0
1 0 0 5 0.0
1 0 0 6 0.0
1 0 0 7 0.0
1 0 0 8 0.0
1 0 0 9 0.0
1 0 0 10 0.0
1 0 1 0 0.0
1 0 1 1 0.0
1 0 1 2 0.0
1 0 1 3 0.0
1 0 1 4 0.0
1 0 1 5 0.0
1 0 1 6 0.0
1 0 1 7 0.0
1 0 1 8 0.0
1 0 1 9 0.0
1 0 1 10 0.0
1 1 0 0 0.0
1 1 0 1 0.0
1 1 0 2 0.37368768999999996
1 1 0 3 0.09438282037699999
1 1 0 4 0.0173439444068881
1 1 0 5 0.002886077722721906
1 1 0 6 3.526386089161685E-4
1 1 0 7 6.069417859462457E-5
1 1 0 8 1.0260193144633774E-5
1 1 0 9 2.395115336019268E-6
1 1 0 10 2.920690818977609E-7
1 1 1 0 0.0
1 1 1 1 0.0
1 1 1 2 0.0
1 1 1 3 0.0
1 1 1 4 0.0
1 1 1 5 0.0
1 1 1 6 0.0
1 1 1 7 0.0
1 1 1 8 0.0
1 1 1 9 0.0
1 1 1 10 0.0
1 2 0 0 0.0
1 2 0 1 0.0
1 2 0 2 0.15776784
1 2 0 3 0.020956092093
1 2 0 4 0.0014939430904336
1 2 0 5 9.877780009691898E-5
1 2 0 6 5.920163568466893E-6
1 2 0 7 1.4071004226562497E-7
1 2 0 8 5.7912859592509925E-9
1 2 0 9 3.7974059803303456E-10
1 2 0 10 1.7283019035859726E-11
1 2 1 0 0.0
1 2 1 1 0.0
1 2 1 2 0.20025625
1 2 1 3 0.030488290624000002
1 2 1 4 0.0036325030350625
1 2 1 5 3.498556309662618E-4
1 2 1 6 3.4929354255099746E-5
1 2 1 7 2.372290075192646E-6
1 2 1 8 1.598068075382134E-7
1 2 1 9 1.722610151942632E-8
1 2 1 10 1.1264042488834655E-9
1 3 0 0 0.0
1 3 0 1 0.0
1 3 0 2 0.17264025
1 3 0 3 0.021999073608000002
1 3 0 4 0.002019963136
1 3 0 5 1.6087439829116947E-4
1 3 0 6 6.1618622609116964E-6
1 3 0 7 2.294926250235408E-7
1 3 0 8 6.8609933380716334E-9
1 3 0 9 5.305706366707573E-10
1 3 0 10 2.3450984231065362E-11
1 3 1 0 0.0
1 3 1 1 0.0
1 3 1 2 0.196249
1 3 1 3 0.03134526257700001
1 3 1 4 0.004228250625
1 3 1 5 3.88393941378664E-4
1 3 1 6 3.4239602949897945E-5
1 3 1 7 3.3154660833425373E-6
1 3 1 8 2.2162664633493185E-7
1 3 1 9 2.0528604625770545E-8
1 3 1 10 1.1352770216714193E-9
1 4 0 0 0.0
1 4 0 1 0.0
1 4 0 2 0.16451136000000002
1 4 0 3 0.019770609663999995
1 4 0 4 0.0016518176833536001
1 4 0 5 1.2416236908284378E-4
1 4 0 6 4.001504141376E-6
1 4 0 7 1.7587535028631596E-7
1 4 0 8 7.035508664324963E-9
1 4 0 9 3.068996126515839E-10
1 4 0 10 1.707812493460247E-11
1 4 1 0 0.0
1 4 1 1 0.0
1 4 1 2 0.190969
1 4 1 3 0.027352523197000003
1 4 1 4 0.0039000037490001006
1 4 1 5 3.3300644496408576E-4
1 4 1 6 3.3449275650341255E-5
1 4 1 7 2.101354799753274E-6
1 4 1 8 2.019719226968416E-7
1 4 1 9 1.3021612539908546E-8
1 4 1 10 1.5579692899237903E-9
1 5 0 0 0.0
1 5 0 1 0.0
1 5 0 2 0.17547721
1 5 0 3 0.019378404856000002
1 5 0 4 0.0017938308212496004
1 5 0 5 1.0650627205003127E-4
1 5 0 6 5.1707616242782675E-6
1 5 0 7 1.0140842805606722E-7
1 5 0 8 3.3124187938807416E-9
1 5 0 9 1.3421772800000004E-10
1 5 0 10 3.3954340421634085E-12
1 5 1 0 0.0
1 5 1 1 0.0
1 5 1 2 0.20061441000000002
1 5 1 3 0.030312959032000007
1 5 1 4 0.0038317882740736
1 5 1 5 3.4643241239314424E-4
1 5 1 6 2.7466221032033433E-5
1 5 1 7 2.3934981501172424E-6
1 5 1 8 1.5534166111152314E-7
1 5 1 9 1.0386274220884844E-8
1 5 1 10 5.506135443952165E-10
1 6 0 0 0.0
1 6 0 1 0.0
1 6 0 2 0.17833729
1 6 0 3 0.020525811271999997
1 6 0 4 0.0013420470252815996
1 6 0 5 9.971853425639427E-5
1 6 0 6 2.3988337680421732E-6
1 6 0 7 8.496928153046431E-8
1 6 0 8 2.802800906863297E-9
1 6 0 9 1.1062565586792585E-10
1 6 0 10 2.3418947369944345E-12
1 6 1 0 0.0
1 6 1 1 0.0
1 6 1 2 0.20421361000000002
1 6 1 3 0.030664297
1 6 1 4 0.0035795283863056006
1 6 1 5 3.363232160320001E-4
1 6 1 6 2.699524827877854E-5
1 6 1 7 2.614678040272103E-6
1 6 1 8 1.052010626396517E-7
1 6 1 9 1.151872779487872E-8
1 6 1 10 5.368431874545435E-10
1 7 0 0 0.0
1 7 0 1 0.0
1 7 0 2 0.20502784
1 7 0 3 0.022473516248
1 7 0 4 0.0016715701418255997
1 7 0 5 1.0453032934407995E-4
1 7 0 6 4.651307822298274E-6
1 7 0 7 2.0115736873826517E-7
1 7 0 8 4.785845856168902E-9
1 7 0 9 1.327153063283401E-10
1 7 0 10 4.239115827521624E-12
1 7 1 0 0.0
1 7 1 1 0.0
1 7 1 2 0.23474024999999998
1 7 1 3 0.034075248488
1 7 1 4 0.003782742016
1 7 1 5 3.997331482993146E-4
1 7 1 6 3.6704559124813126E-5
1 7 1 7 3.5772492293954886E-6
1 7 1 8 1.921977277582667E-7
1 7 1 9 1.3929745610903021E-8
1 7 1 10 9.313225746154785E-10
1 8 0 0 0.0
1 8 0 1 0.0
1 8 0 2 0.22391824000000002
1 8 0 3 0.026171619208999998
1 8 0 4 0.0018254162255120997
1 8 0 5 1.3949769448608223E-4
1 8 0 6 9.028133794101688E-6
1 8 0 7 3.0192443725329996E-7
1 8 0 8 7.902305935632105E-9
1 8 0 9 4.3646914208260394E-10
1 8 0 10 6.0182401858757E-12
1 8 1 0 0.0
1 8 1 1 0.0
1 8 1 2 0.26152995999999995
1 8 1 3 0.037629052551000006
1 8 1 4 0.004417043253505598
1 8 1 5 4.1624883662240756E-4
1 8 1 6 4.901057752877571E-5
1 8 1 7 4.154344768540763E-6
1 8 1 8 3.7103038784156777E-7
1 8 1 9 2.500485481077628E-8
1 8 1 10 8.947331211555844E-10
1 9 0 0 0.0
1 9 0 1 0.0
1 9 0 2 0.25918281
1 9 0 3 0.033293019312999994
1 9 0 4 0.0027935463730801
1 9 0 5 1.8948226352409007E-4
1 9 0 6 1.3183878894595091E-5
1 9 0 7 3.9767749828873323E-7
1 9 0 8 1.8924641144171616E-8
1 9 0 9 7.532063859404787E-10
1 9 0 10 1.4964254837858896E-11
1 9 1 0 0.0
1 9 1 1 0.0
1 9 1 2 0.28005264
1 9 1 3 0.049188818944
1 9 1 4 0.005636405776000002
1 9 1 5 5.961300736716563E-4
1 9 1 6 6.594416060120103E-5
1 9 1 7 7.277372301486974E-6
1 9 1 8 5.683031553503752E-7
1 9 1 9 7.642257006621218E-8
1 9 1 10 2.4156109058298192E-9
1 10 0 0 0.0
1 10 0 1 0.0
1 10 0 2 0.28313041
1 10 0 3 0.04031832258899999
1 10 0 4 0.004182013598880102
1 10 0 5 2.7978843406614517E-4
1 10 0 6 1.3653906907281074E-5
1 10 0 7 8.784167171490936E-7
1 10 0 8 2.8928694241417237E-8
1 10 0 9 1.5513282159785152E-9
1 10 0 10 5.329125190022243E-11
1 10 1 0 0.0
1 10 1 1 0.0
1 10 1 2 0.31058329
1 10 1 3 0.057378463793
1 10 1 4 0.006059221281000002
1 10 1 5 8.507811381326643E-4
1 10 1 6 8.77452547600035E-5
1 10 1 7 9.548611413897656E-6
1 10 1 8 1.1519366578235003E-6
1 10 1 9 7.067654819934748E-8
1 10 1 10 6.8927157762267015E-9
1 11 0 0 0.0
1 11 0 1 0.0
1 11 0 2 0.31147561000000007
1 11 0 3 0.052945593875
1 11 0 4 0.005929962539062502
1 11 0 5 3.8097852361039357E-4
1 11 0 6 2.2005575045268476E-5
1 11 0 7 1.3541659426380407E-6
1 11 0 8 7.860935098421614E-8
1 11 0 9 3.490440652828874E-9
1 11 0 10 8.424326266259974E-11
1 11 1 0 0.0
1 11 1 1 0.0
1 11 1 2 0.34468640999999994
1 11 1 3 0.06662714946399999
1 11 1 4 0.0099082613700625
1 11 1 5 0.0010888160707359688
1 11 1 6 1.3218718509958423E-4
1 11 1 7 1.440312202523354E-5
1 11 1 8 9.987437005513219E-7
1 11 1 9 1.587525113088977E-7
1 11 1 10 1.5888426175698803E-8
1 12 0 0 0.0
1 12 0 1 0.0
1 12 0 2 0.35450116000000004
1 12 0 3 0.06998546356100001
1 12 0 4 0.009271011127488103
1 12 0 5 7.493035150046086E-4
1 12 0 6 4.734379590430677E-5
1 12 0 7 2.6609543547124037E-6
1 12 0 8 2.3904944964683335E-7
1 12 0 9 1.4023583368251873E-8
1 12 0 10 6.562551143311864E-10
1 12 1 0 0.0
1 12 1 1 0.0
1 12 1 2 0.3851443600000001
1 12 1 3 0.08652683496700002
1 12 1 4 0.013363360000000005
1 12 1 5 0.0015957737221385273
1 12 1 6 2.2874135960774752E-4
1 12 1 7 2.6324483072242073E-5
1 12 1 8 3.884331483091051E-6
1 12 1 9 3.663830991236128E-7
1 12 1 10 3.71177400246106E-8
2 0 0 0 0.0
2 0 0 1 0.0
2 0 0 2 0.0
2 0 0 3 0.0
2 0 0 4 0.0
2 0 0 5 0.0
2 0 0 6 0.0
2 0 0 7 0.0
2 0 0 8 0.0
2 0 0 9 0.0
2 0 0 10 0.0
2 0 1 0 0.0
2 0 1 1 0.0
2 0 1 2 0.0
2 0 1 3 0.0
2 0 1 4 0.0
2 0 1 5 0.0
2 0 1 6 0.0
2 0 1 7 0.0
2 0 1 8 0.0
2 0 1 9 0.0
2 0 1 10 0.0
2 1 0 0 0.0
2 1 0 1 0.0
2 1 0 2 0.0
2 1 0 3 0.0
2 1 0 4 0.0
2 1 0 5 0.0
2 1 0 6 0.0
2 1 0 7 0.0
2 1 0 8 0.0
2 1 0 9 0.0
2 1 0 10 0.0
2 1 1 0 0.0
2 1 1 1 0.0
2 1 1 2 0.0
2 1 1 3 0.0
2 1 1 4 0.0
2 1 1 5 0.0
2 1 1 6 0.0
2 1 1 7 0.0
2 1 1 8 0.0
2 1 1 9 0.0
2 1 1 10 0.0
2 2 0 0 0.0
2 2 0 1 0.0
2 2 0 2 0.39087503999999995
2 2 0 3 0.10322771137100001
2 2 0 4 0.0221079310237696
2 2 0 5 0.003052447761824
2 2 0 6 5.694426467737204E-4
2 2 0 7 5.769813370811187E-5
2 2 0 8 8.567964988123998E-6
2 2 0 9 2.087375402354708E-6
2 2 0 10 2.8556012313980024E-7
2 2 1 0 0.0
2 2 1 1 0.0
2 2 1 2 0.0
2 2 1 3 0.0
2 2 1 4 0.0
2 2 1 5 0.0
2 2 1 6 0.0
2 2 1 7 0.0
2 2 1 8 0.0
2 2 1 9 0.0
2 2 1 10 0.0
2 3 0 0 0.0
2 3 0 1 0.0
2 3 0 2 0.17572864000000002
2 3 0 3 0.024187716288000004
2 3 0 4 0.0029625040666321004
2 3 0 5 1.8070669798375425E-4
2 3 0 6 1.0172948830228578E-5
2 3 0 7 3.7755837308233894E-7
2 3 0 8 1.6180656337564458E-8
2 3 0 9 5.840608889711161E-10
2 3 0 10 1.0304082570713894E-10
2 3 1 0 0.0
2 3 1 1 0.0
2 3 1 2 0.21022225000000003
2 3 1 3 0.03619899411199999
2 3 1 4 0.0050593189926321
2 3 1 5 5.083737483984824E-4
2 3 1 6 6.135860325851364E-5
2 3 1 7 4.292893028933694E-6
2 3 1 8 4.862133985757829E-7
2 3 1 9 4.9578494467761896E-8
2 3 1 10 2.025599075959678E-9
2 4 0 0 0.0
2 4 0 1 0.0
2 4 0 2 0.17007376
2 4 0 3 0.024490059263999997
2 4 0 4 0.0024158099877921004
2 4 0 5 1.4922839767048354E-4
2 4 0 6 9.217462324974326E-6
2 4 0 7 4.069100734331598E-7
2 4 0 8 1.605916910166988E-8
2 4 0 9 6.607396124210417E-10
2 4 0 10 4.024461483991626E-11
2 4 1 0 0.0
2 4 1 1 0.0
2 4 1 2 0.20602521000000001
2 4 1 3 0.035969679901
2 4 1 4 0.0047191967468881
2 4 1 5 4.800624752570186E-4
2 4 1 6 4.3730620104603886E-5
2 4 1 7 4.3814815230456876E-6
2 4 1 8 2.6743037435729675E-7
2 4 1 9 2.58028162488939E-8
2 4 1 10 3.0621506146930264E-9
2 5 0 0 0.0
2 5 0 1 0.0
2 5 0 2 0.17926756
2 5 0 3 0.023590516032
2 5 0 4 0.0022918662574335997
2 5 0 5 1.4282287751336028E-4
2 5 0 6 6.846920817709273E-6
2 5 0 7 2.4717004372968046E-7
2 5 0 8 6.8609933380716334E-9
2 5 0 9 4.0722760755088587E-10
2 5 0 10 9.588812687155605E-12
2 5 1 0 0.0
2 5 1 1 0.0
2 5 1 2 0.21288996
2 5 1 3 0.03709262037500001
2 5 1 4 0.004748071289062501
2 5 1 5 4.182272020509999E-4
2 5 1 6 5.464289687428223E-5
2 5 1 7 3.904874639526477E-6
2 5 1 8 1.921977277582667E-7
2 5 1 9 2.0928211839243816E-8
2 5 1 10 2.0557862925793628E-9
2 6 0 0 0.0
2 6 0 1 0.0
2 6 0 2 0.18818244
2 6 0 3 0.025855561493000005
2 6 0 4 0.0020583461609999998
2 6 0 5 1.2453793556299776E-4
2 6 0 6 7.958898590177091E-6
2 6 0 7 1.7815941449971243E-7
2 6 0 8 7.335007737458335E-9
2 6 0 9 2.1731115478294788E-10
2 6 0 10 6.098428761769548E-12
2 6 1 0 0.0
2 6 1 1 0.0
2 6 1 2 0.22202944
2 6 1 3 0.036002379608
2 6 1 4 0.0043965187890625005
2 6 1 5 4.302559628164163E-4
2 6 1 6 4.6749529949426027E-5
2 6 1 7 4.1886173112349236E-6
2 6 1 8 2.0086485083088755E-7
2 6 1 9 1.8509710275569452E-8
2 6 1 10 7.010722536053246E-10
2 7 0 0 0.0
2 7 0 1 0.0
2 7 0 2 0.21622500000000003
2 7 0 3 0.025986941128000006
2 7 0 4 0.0020314211822640995
2 7 0 5 1.2192795175283246E-4
2 7 0 6 7.306454742608341E-6
2 7 0 7 2.3966762323965424E-7
2 7 0 8 4.1912111842130334E-9
2 7 0 9 3.006578013300894E-10
2 7 0 10 5.338119290803924E-12
2 7 1 0 0.0
2 7 1 1 0.0
2 7 1 2 0.24453025
2 7 1 3 0.03496578300000001
2 7 1 4 0.004527723391489601
2 7 1 5 4.006899050377523E-4
2 7 1 6 3.106364494433184E-5
2 7 1 7 2.524191389090456E-6
2 7 1 8 2.403385571947842E-7
2 7 1 9 1.7001416405572214E-8
2 7 1 10 9.238987589682762E-10
2 8 0 0 0.0
2 8 0 1 0.0
2 8 0 2 0.22410755999999998
2 8 0 3 0.029877573727000006
2 8 0 4 0.0021808162146240997
2 8 0 5 1.664890227109687E-4
2 8 0 6 1.2777471250928918E-5
2 8 0 7 2.912604240915593E-7
2 8 0 8 8.78943153267363E-9
2 8 0 9 4.6300334733592203E-10
2 8 0 10 8.77325246008234E-12
2 8 1 0 0.0
2 8 1 1 0.0
2 8 1 2 0.25959024999999997
2 8 1 3 0.04365138976100001
2 8 1 4 0.0053222875750801
2 8 1 5 6.408407525698397E-4
2 8 1 6 4.8857059788734087E-5
2 8 1 7 4.1203128745465515E-6
2 8 1 8 4.2522050588304214E-7
2 8 1 9 4.0088450557248496E-8
2 8 1 10 1.7580946337970465E-9
2 9 0 0 0.0
2 9 0 1 0.0
2 9 0 2 0.25674489000000006
2 9 0 3 0.035352141768
2 9 0 4 0.0030549950894401003
2 9 0 5 1.921271453007178E-4
2 9 0 6 1.370698325411803E-5
2 9 0 7 5.299456780849E-7
2 9 0 8 1.8509302102818816E-8
2 9 0 9 6.42292033603432E-10
2 9 0 10 1.0872393464815697E-11
2 9 1 0 0.0
2 9 1 1 0.0
2 9 1 2 0.28944400000000003
2 9 1 3 0.05265004499200001
2 9 1 4 0.0058196209278736
2 9 1 5 7.524691358214311E-4
2 9 1 6 6.062083315591917E-5
2 9 1 7 7.113316041948885E-6
2 9 1 8 6.781210845881615E-7
2 9 1 9 6.242064238295832E-8
2 9 1 10 3.1059261593935253E-9
2 10 0 0 0.0
2 10 0 1 0.0
2 10 0 2 0.28740321
2 10 0 3 0.04174581070899999
2 10 0 4 0.004032758016
2 10 0 5 2.7550385298685695E-4
2 10 0 6 2.0032873294163086E-5
2 10 0 7 8.47342390422606E-7
2 10 0 8 3.080367900042767E-8
2 10 0 9 2.1540258843927262E-9
2 10 0 10 4.29689868625634E-11
2 10 1 0 0.0
2 10 1 1 0.0
2 10 1 2 0.30603024
2 10 1 3 0.06181729466399999
2 10 1 4 0.008132448632408102
2 10 1 5 8.809351228248726E-4
2 10 1 6 7.575403149466112E-5
2 10 1 7 9.548611413897656E-6
2 10 1 8 8.917750730343113E-7
2 10 1 9 1.0212368042918003E-7
2 10 1 10 6.714273584815018E-9
2 11 0 0 0.0
2 11 0 1 0.0
2 11 0 2 0.31382404
2 11 0 3 0.05769143654400001
2 11 0 4 0.0060505388947440985
2 11 0 5 4.912314358280691E-4
2 11 0 6 2.9823330118170002E-5
2 11 0 7 1.5701365578864428E-6
2 11 0 8 7.668628202134018E-8
2 11 0 9 5.0070348809271144E-9
2 11 0 10 1.2189944199947563E-10
2 11 1 0 0.0
2 11 1 1 0.0
2 11 1 2 0.33895684000000004
2 11 1 3 0.06952793292800001
2 11 1 4 0.011294588176000002
2 11 1 5 0.0012251484030261657
2 11 1 6 1.4271096944993514E-4
2 11 1 7 1.4353626808337623E-5
2 11 1 8 1.5738268590126506E-6
2 11 1 9 1.9638449061461753E-7
2 11 1 10 1.878124693880914E-8
2 12 0 0 0.0
2 12 0 1 0.0
2 12 0 2 0.35820225000000006
2 12 0 3 0.07303463199999999
2 12 0 4 0.009451580626177602
2 12 0 5 9.230863566598963E-4
2 12 0 6 6.895252355493167E-5
2 12 0 7 4.137298828722121E-6
2 12 0 8 2.5221702734408493E-7
2 12 0 9 1.677934008517948E-8
2 12 0 10 5.647009861905404E-10
2 12 1 0 0.0
2 12 1 1 0.0
2 12 1 2 0.38887696000000005
2 12 1 3 0.08919479123199998
2 12 1 4 0.016426010895999998
2 12 1 5 0.0018736994306542795
2 12 1 6 2.698070399373574E-4
2 12 1 7 2.566669861876675E-5
2 12 1 8 4.916747105530914E-6
2 12 1 9 4.6772083071162436E-7
2 12 1 10 4.7468971653461964E-8
3 0 0 0 0.0
3 0 0 1 0.0
3 0 0 2 0.0
3 0 0 3 0.0
3 0 0 4 0.0
3 0 0 5 0.0
3 0 0 6 0.0
3 0 0 7 0.0
3 0 0 8 0.0
3 0 0 9 0.0
3 0 0 10 0.0
3 0 1 0 0.0
3 0 1 1 0.0
3 0 1 2 0.0
3 0 1 3 0.0
3 0 1 4 0.0
3 0 1 5 0.0
3 0 1 6 0.0
3 0 1 7 0.0
3 0 1 8 0.0
3 0 1 9 0.0
3 0 1 10 0.0
3 1 0 0 0.0
3 1 0 1 0.0
3 1 0 2 0.0
3 1 0 3 0.0
3 1 0 4 0.0
3 1 0 5 0.0
3 1 0 6 0.0
3 1 0 7 0.0
3 1 0 8 0.0
3 1 0 9 0.0
3 1 0 10 0.0
3 1 1 0 0.0
3 1 1 1 0.0
3 1 1 2 0.0
3 1 1 3 0.0
3 1 1 4 0.0
3 1 1 5 0.0
3 1 1 6 0.0
3 1 1 7 0.0
3 1 1 8 0.0
3 1 1 9 0.0
3 1 1 10 0.0
3 2 0 0 0.0
3 2 0 1 0.0
3 2 0 2 0.0
3 2 0 3 0.0
3 2 0 4 0.0
3 2 0 5 0.0
3 2 0 6 0.0
3 2 0 7 0.0
3 2 0 8 0.0
3 2 0 9 0.0
3 2 0 10 0.0
3 2 1 0 0.0
3 2 1 1 0.0
3 2 1 2 0.0
3 2 1 3 0.0
3 2 1 4 0.0
3 2 1 5 0.0
3 2 1 6 0.0
3 2 1 7 0.0
3 2 1 8 0.0
3 2 1 9 0.0
3 2 1 10 0.0
3 3 0 0 0.0
3 3 0 1 0.0
3 3 0 2 0.44169316
3 3 0 3 0.11585742187499999
3 3 0 4 0.025728240200062508
3 3 0 5 0.0037848157837287026
3 3 0 6 6.072365915932408E-4
3 3 0 7 7.881658568099669E-5
3 3 0 8 1.0399018211437881E-5
3 3 0 9 1.8011526614630006E-6
3 3 0 10 2.0332681838603712E-7
3 3 1 0 0.0
3 3 1 1 0.0
3 3 1 2 0.0
3 3 1 3 0.0
3 3 1 4 0.0
3 3 1 5 0.0
3 3 1 6 0.0
3 3 1 7 0.0
3 3 1 8 0.0
3 3 1 9 0.0
3 3 1 10 0.0
3 4 0 0 0.0
3 4 0 1 0.0
3 4 0 2 0.19545241
3 4 0 3 0.027735580683000007
3 4 0 4 0.0033510622234896002
3 4 0 5 2.244214037188554E-4
3 4 0 6 1.1995920202280209E-5
3 4 0 7 4.4318790276735743E-7
3 4 0 8 2.128048586821852E-8
3 4 0 9 1.0936852726843616E-9
3 4 0 10 3.118171992996617E-11
3 4 1 0 0.0
3 4 1 1 0.0
3 4 1 2 0.210681
3 4 1 3 0.038683058968
3 4 1 4 0.005457551085057599
3 4 1 5 7.167031468749998E-4
3 4 1 6 6.210384059880101E-5
3 4 1 7 7.444661081605279E-6
3 4 1 8 5.683031553503752E-7
3 4 1 9 3.224883680643207E-8
3 4 1 10 4.4007688496164404E-9
3 5 0 0 0.0
3 5 0 1 0.0
3 5 0 2 0.19758025
3 5 0 3 0.02884970176299999
3 5 0 4 0.0030706183011855997
3 5 0 5 2.1378727540153123E-4
3 5 0 6 1.3443310891450121E-5
3 5 0 7 5.212378440334716E-7
3 5 0 8 1.3580769570531701E-8
3 5 0 9 4.768004666393941E-10
3 5 0 10 4.2503707285437647E-11
3 5 1 0 0.0
3 5 1 1 0.0
3 5 1 2 0.22771984
3 5 1 3 0.03844335937500001
3 5 1 4 0.005661131335440099
3 5 1 5 6.706620671226759E-4
3 5 1 6 6.753469944126884E-5
3 5 1 7 7.332773460833274E-6
3 5 1 8 3.5800903731509823E-7
3 5 1 9 5.44020213684995E-8
3 5 1 10 3.3569183592821228E-9
3 6 0 0 0.0
3 6 0 1 0.0
3 6 0 2 0.20187048999999999
3 6 0 3 0.029189662039000003
3 6 0 4 0.0027404638683136
3 6 0 5 2.0805604708146874E-4
3 6 0 6 1.223575096998012E-5
3 6 0 7 3.223460374141034E-7
3 6 0 8 1.1716593810022651E-8
3 6 0 9 3.2301096570711836E-10
3 6 0 10 1.7699457615110963E-11
3 6 1 0 0.0
3 6 1 1 0.0
3 6 1 2 0.23474024999999998
3 6 1 3 0.040107047967
3 6 1 4 0.005345972853145598
3 6 1 5 6.478428795923175E-4
3 6 1 6 6.080457891424586E-5
3 6 1 7 4.8288613744362214E-6
3 6 1 8 4.492089006320866E-7
3 6 1 9 3.345218252879046E-8
3 6 1 10 2.2954137236525525E-9
3 7 0 0 0.0
3 7 0 1 0.0
3 7 0 2 0.21846275999999998
3 7 0 3 0.028765126144
3 7 0 4 0.0023897637567440997
3 7 0 5 1.8427988359389957E-4
3 7 0 6 9.028133794101688E-6
3 7 0 7 3.419273085905376E-7
3 7 0 8 1.0407070439254386E-8
3 7 0 9 2.655199523343945E-10
3 7 0 10 8.885800684608791E-12
3 7 1 0 0.0
3 7 1 1 0.0
3 7 1 2 0.24710840999999997
3 7 1 3 0.04421165465600001
3 7 1 4 0.0049389986895601
3 7 1 5 5.677359141261944E-4
3 7 1 6 5.862997995132103E-5
3 7 1 7 5.399777000501638E-6
3 7 1 8 5.081786528012037E-7
3 7 1 9 1.887422258825041E-8
3 7 1 10 1.1001591257107105E-9
3 8 0 0 0.0
3 8 0 1 0.0
3 8 0 2 0.23464336
3 8 0 3 0.031255875
3 8 0 4 0.0027308943833616
3 8 0 5 2.2321936361565295E-4
3 8 0 6 1.1164702521065638E-5
3 8 0 7 3.999686381791392E-7
3 8 0 8 1.237552263340531E-8
3 8 0 9 3.7974059803303456E-10
3 8 0 10 1.0737418240000003E-11
3 8 1 0 0.0
3 8 1 1 0.0
3 8 1 2 0.26265625
3 8 1 3 0.045194100328
3 8 1 4 0.0050593189926321
3 8 1 5 6.270181330701517E-4
3 8 1 6 7.228663830068452E-5
3 8 1 7 5.66161086662771E-6
3 8 1 8 3.5618188186807557E-7
3 8 1 9 3.0328570678338575E-8
3 8 1 10 1.6059769660526557E-9
3 9 0 0 0.0
3 9 0 1 0.0
3 9 0 2 0.25847055999999996
3 9 0 3 0.038477541376000006
3 9 0 4 0.0035736782900625
3 9 0 5 2.34849287168E-4
3 9 0 6 2.0252677147477097E-5
3 9 0 7 7.47844055557487E-7
3 9 0 8 2.9542272066093867E-8
3 9 0 9 9.472780183201332E-10
3 9 0 10 1.687541959032749E-11
3 9 1 0 0.0
3 9 1 1 0.0
3 9 1 2 0.294849
3 9 1 3 0.056977736191999986
3 9 1 4 0.008110805401200098
3 9 1 5 7.383076374932582E-4
3 9 1 6 9.181784055278257E-5
3 9 1 7 7.672832691948402E-6
3 9 1 8 6.315468438603126E-7
3 9 1 9 6.68107253062505E-8
3 9 1 10 2.1967016476160268E-9
3 10 0 0 0.0
3 10 0 1 0.0
3 10 0 2 0.29713401
3 10 0 3 0.047792627189
3 10 0 4 0.004562733654960101
3 10 0 5 3.7186898543006304E-4
3 10 0 6 2.115210020985672E-5
3 10 0 7 1.4276824086828725E-6
3 10 0 8 4.3574834001008914E-8
3 10 0 9 1.2163486072278358E-9
3 10 0 10 7.924021353340273E-11
3 10 1 0 0.0
3 10 1 1 0.0
3 10 1 2 0.31002623999999995
3 10 1 3 0.060791173568
3 10 1 4 0.008744800866049602
3 10 1 5 9.324596180407616E-4
3 10 1 6 1.0127817199353687E-4
3 10 1 7 1.3770959295894702E-5
3 10 1 8 9.720973078992829E-7
3 10 1 9 7.515747965273874E-8
3 10 1 10 7.502520803928268E-9
3 11 0 0 0.0
3 11 0 1 0.0
3 11 0 2 0.33686416
3 11 0 3 0.060052079296000004
3 11 0 4 0.006067913008176102
3 11 0 5 6.000884267786956E-4
3 11 0 6 3.446824722141267E-5
3 11 0 7 1.7246045544391512E-6
3 11 0 8 1.0333432718315482E-7
3 11 0 9 3.2009608211186026E-9
3 11 0 10 2.21965034269463E-10
3 11 1 0 0.0
3 11 1 1 0.0
3 11 1 2 0.35081929000000006
3 11 1 3 0.078347809639
3 11 1 4 0.011645053700062502
3 11 1 5 0.001319236404114094
3 11 1 6 1.5432323915940874E-4
3 11 1 7 1.7477456493792757E-5
3 11 1 8 2.4103720836107314E-6
3 11 1 9 2.3822229636709573E-7
3 11 1 10 2.0518541151862697E-8
3 12 0 0 0.0
3 12 0 1 0.0
3 12 0 2 0.37896336
3 12 0 3 0.075418890625
3 12 0 4 0.010277612427673602
3 12 0 5 0.0011677155536483394
3 12 0 6 8.406502956165453E-5
3 12 0 7 4.8288613744362214E-6
3 12 0 8 3.196502067849801E-7
3 12 0 9 1.3378347307350366E-8
3 12 0 10 8.055770372607889E-10
3 12 1 0 0.0
3 12 1 1 0.0
3 12 1 2 0.39690000000000003
3 12 1 3 0.08973487933299999
3 12 1 4 0.0167775053745601
3 12 1 5 0.002253136100748468
3 12 1 6 2.7623838118683095E-4
3 12 1 7 3.818664886446173E-5
3 12 1 8 4.61691882251829E-6
3 12 1 9 5.259910544571799E-7
3 12 1 10 5.285163706698427E-8
4 0 0 0 0.0
4 0 0 1 0.0
4 0 0 2 0.0
4 0 0 3 0.0
4 0 0 4 0.0
4 0 0 5 0.0
4 0 0 6 0.0
4 0 0 7 0.0
4 0 0 8 0.0
4 0 0 9 0.0
4 0 0 10 0.0
4 0 1 0 0.0
4 0 1 1 0.0
4 0 1 2 0.0
4 0 1 3 0.0
4 0 1 4 0.0
4 0 1 5 0.0
4 0 1 6 0.0
4 0 1 7 0.0
4 0 1 8 0.0
4 0 1 9 0.0
4 0 1 10 0.0
4 1 0 0 0.0
4 1 0 1 0.0
4 1 0 2 0.0
4 1 0 3 0.0
4 1 0 4 0.0
4 1 0 5 0.0
4 1 0 6 0.0
4 1 0 7 0.0
4 1 0 8 0.0
4 1 0 9 0.0
4 1 0 10 0.0
4 1 1 0 0.0
4 1 1 1 0.0
4 1 1 2 0.0
4 1 1 3 0.0
4 1 1 4 0.0
4 1 1 5 0.0
4 1 1 6 0.0
4 1 1 7 0.0
4 1 1 8 0.0
4 1 1 9 0.0
4 1 1 10 0.0
4 2 0 0 0.0
4 2 0 1 0.0
4 2 0 2 0.0
4 2 0 3 0.0
4 2 0 4 0.0
4 2 0 5 0.0
4 2 0 6 0.0
4 2 0 7 0.0
4 2 0 8 0.0
4 2 0 9 0.0
4 2 0 10 0.0
4 2 1 0 0.0
4 2 1 1 0.0
4 2 1 2 0.0
4 2 1 3 0.0
4 2 1 4 0.0
4 2 1 5 0.0
4 2 1 6 0.0
4 2 1 7 0.0
4 2 1 8 0.0
4 2 1 9 0.0
4 2 1 10 0.0
4 3 0 0 0.0
4 3 0 1 0.0
4 3 0 2 0.0
4 3 0 3 0.0
4 3 0 4 0.0
4 3 0 5 0.0
4 3 0 6 0.0
4 3 0 7 0.0
4 3 0 8 0.0
4 3 0 9 0.0
4 3 0 10 0.0
4 3 1 0 0.0
4 3 1 1 0.0
4 3 1 2 0.0
4 3 1 3 0.0
4 3 1 4 0.0
4 3 1 5 0.0
4 3 1 6 0.0
4 3 1 7 0.0
4 3 1 8 0.0
4 3 1 9 0.0
4 3 1 10 0.0
4 4 0 0 0.0
4 4 0 1 0.0
4 4 0 2 0.46936201000000005
4 4 0 3 0.12932392019300004
4 4 0 4 0.030411788392857606
4 4 0 5 0.005606523622214431
4 4 0 6 8.355670981818176E-4
4 4 0 7 1.1683706889209551E-4
4 4 0 8 1.2813023468367577E-5
4 4 0 9 2.0317976874576277E-6
4 4 0 10 3.697469527913223E-7
4 4 1 0 0.0
4 4 1 1 0.0
4 4 1 2 0.0
4 4 1 3 0.0
4 4 1 4 0.0
4 4 1 5 0.0
4 4 1 6 0.0
4 4 1 7 0.0
4 4 1 8 0.0
4 4 1 9 0.0
4 4 1 10 0.0
4 5 0 0 0.0
4 5 0 1 0.0
4 5 0 2 0.21603904
4 5 0 3 0.029446377472000004
4 5 0 4 0.003819482259841599
4 5 0 5 2.8485431128597017E-4
4 5 0 6 2.1691961596369008E-5
4 5 0 7 7.322761113274812E-7
4 5 0 8 2.793082202506989E-8
4 5 0 9 1.1741673559407343E-9
4 5 0 10 6.648326359915012E-11
4 5 1 0 0.0
4 5 1 1 0.0
4 5 1 2 0.23755876
4 5 1 3 0.043391560743999996
4 5 1 4 0.006514557698096102
4 5 1 5 8.827351531249999E-4
4 5 1 6 9.604674251833598E-5
4 5 1 7 8.710724891447298E-6
4 5 1 8 6.622732238240864E-7
4 5 1 9 6.531781025546407E-8
4 5 1 10 3.914382948638753E-9
4 6 0 0 0.0
4 6 0 1 0.0
4 6 0 2 0.22686169
4 6 0 3 0.03379225033699999
4 6 0 4 0.0038010788453520994
4 6 0 5 2.885175130175379E-4
4 6 0 6 2.0252677147477097E-5
4 6 0 7 9.579784730308762E-7
4 6 0 8 4.075773518399208E-8
4 6 0 9 1.5513282159785152E-9
4 6 0 10 3.153385311684711E-11
4 6 1 0 0.0
4 6 1 1 0.0
4 6 1 2 0.24850225
4 6 1 3 0.04458781533600001
4 6 1 4 0.0073098669650176
4 6 1 5 8.525317160138737E-4
4 6 1 6 1.0071655691604253E-4
4 6 1 7 1.026777655306038E-5
4 6 1 8 7.074849140824918E-7
4 6 1 9 4.6486718208361146E-8
4 6 1 10 3.833759992447472E-9
4 7 0 0 0.0
4 7 0 1 0.0
4 7 0 2 0.23396569000000003
4 7 0 3 0.03394927727199999
4 7 0 4 0.0037040479315921
4 7 0 5 3.1840319680159974E-4
4 7 0 6 1.9960048628401692E-5
4 7 0 7 7.962619999587972E-7
4 7 0 8 3.3239082271046073E-8
4 7 0 9 5.953165396241232E-10
4 7 0 10 5.3861511409489974E-11
4 7 1 0 0.0
4 7 1 1 0.0
4 7 1 2 0.275625
4 7 1 3 0.049229104625
4 7 1 4 0.007121714295062498
4 7 1 5 6.852474730234265E-4
4 7 1 6 7.844458034355435E-5
4 7 1 7 7.966455043347075E-6
4 7 1 8 7.448803894371278E-7
4 7 1 9 3.1661719731728194E-8
4 7 1 10 3.3333693962341154E-9
4 8 0 0 0.0
4 8 0 1 0.0
4 8 0 2 0.26245129
4 8 0 3 0.032829478408
4 8 0 4 0.0036265881117456007
4 8 0 5 2.5286682282144767E-4
4 8 0 6 1.8412815093994144E-5
4 8 0 7 6.945660778315556E-7
4 8 0 8 3.708192947579678E-8
4 8 0 9 9.733217421754428E-10
4 8 0 10 5.052063054268359E-11
4 8 1 0 0.0
4 8 1 1 0.0
4 8 1 2 0.27426169000000006
4 8 1 3 0.046655999999999996
4 8 1 4 0.006841566093337602
4 8 1 5 7.197581430698802E-4
4 8 1 6 8.79953004416347E-5
4 8 1 7 9.23935169405715E-6
4 8 1 8 7.345139972505552E-7
4 8 1 9 4.6486718208361146E-8
4 8 1 10 3.4284663637052457E-9
4 9 0 0 0.0
4 9 0 1 0.0
4 9 0 2 0.279841
4 9 0 3 0.039408131826999995
4 9 0 4 0.0042681865994495995
4 9 0 5 2.8631509956043773E-4
4 9 0 6 1.6840228945958405E-5
4 9 0 7 1.0332321900000133E-6
4 9 0 8 3.101843146481946E-8
4 9 0 9 8.570016547568642E-10
4 9 0 10 3.118171992996617E-11
4 9 1 0 0.0
4 9 1 1 0.0
4 9 1 2 0.30958096
4 9 1 3 0.055132330615999994
4 9 1 4 0.006369037539062498
4 9 1 5 7.830795391791923E-4
4 9 1 6 1.2564942142690875E-4
4 9 1 7 1.1072381778746578E-5
4 9 1 8 1.1167753354711693E-6
4 9 1 9 6.56882316421272E-8
4 9 1 10 5.215122768280749E-9
4 10 0 0 0.0
4 10 0 1 0.0
4 10 0 2 0.30118143999999997
4 10 0 3 0.04791125196800001
4 10 0 4 0.0054095201243135995
4 10 0 5 3.691703830131678E-4
4 10 0 6 3.127448337915038E-5
4 10 0 7 2.3096294259225843E-6
4 10 0 8 5.204932036698832E-8
4 10 0 9 2.8179657627142357E-9
4 10 0 10 9.415943502102125E-11
4 10 1 0 0.0
4 10 1 1 0.0
4 10 1 2 0.33907329
4 10 1 3 0.06623348933600001
4 10 1 4 0.008779167161784097
4 10 1 5 0.001018272999975966
4 10 1 6 1.5392386933758457E-4
4 10 1 7 1.606616490446269E-5
4 10 1 8 1.2855487449507039E-6
4 10 1 9 1.1365884235462085E-7
4 10 1 10 7.800005264710912E-9
4 11 0 0 0.0
4 11 0 1 0.0
4 11 0 2 0.3423420099999999
4 11 0 3 0.05973061842900001
4 11 0 4 0.0076145100445455995
4 11 0 5 6.956073979845018E-4
4 11 0 6 5.430715045817461E-5
4 11 0 7 3.9537140241357895E-6
4 11 0 8 1.0837790853349181E-7
4 11 0 9 4.6074979760271E-9
4 11 0 10 1.3702410463356467E-10
4 11 1 0 0.0
4 11 1 1 0.0
4 11 1 2 0.36469521
4 11 1 3 0.07525834904800001
4 11 1 4 0.013873598333337601
4 11 1 5 0.0014724793623675375
4 11 1 6 2.1946747891751303E-4
4 11 1 7 3.2226228384336744E-5
4 11 1 8 2.3910117681412097E-6
4 11 1 9 2.6645047449010547E-7
4 11 1 10 1.769781149272036E-8
4 12 0 0 0.0
4 12 0 1 0.0
4 12 0 2 0.37576899999999996
4 12 0 3 0.07313951656800001
4 12 0 4 0.011060831966840098
4 12 0 5 9.324596180407616E-4
4 12 0 6 9.233780809969668E-5
4 12 0 7 5.026507568359373E-6
4 12 0 8 4.273539377050393E-7
4 12 0 9 1.0101519904379102E-8
4 12 0 10 1.0915338530733937E-9
4 12 1 0 0.0
4 12 1 1 0.0
4 12 1 2 0.398161
4 12 1 3 0.09506855814399998
4 12 1 4 0.016610312160999997
4 12 1 5 0.002101104907679698
4 12 1 6 3.182998678873222E-4
4 12 1 7 3.922758997375147E-5
4 12 1 8 4.317009803414212E-6
4 12 1 9 6.01173686241656E-7
4 12 1 10 3.922376453108657E-8
5 0 0 0 0.0
5 0 0 1 0.0
5 0 0 2 0.0
5 0 0 3 0.0
5 0 0 4 0.0
5 0 0 5 0.0
5 0 0 6 0.0
5 0 0 7 0.0
5 0 0 8 0.0
5 0 0 9 0.0
5 0 0 10 0.0
5 0 1 0 0.0
5 0 1 1 0.0
5 0 1 2 0.0
5 0 1 3 0.0
5 0 1 4 0.0
5 0 1 5 0.0
5 0 1 6 0.0
5 0 1 7 0.0
5 0 1 8 0.0
5 0 1 9 0.0
5 0 1 10 0.0
5 1 0 0 0.0
5 1 0 1 0.0
5 1 0 2 0.0
5 1 0 3 0.0
5 1 0 4 0.0
5 1 0 5 0.0
5 1 0 6 0.0
5 1 0 7 0.0
5 1 0 8 0.0
5 1 0 9 0.0
5 1 0 10 0.0
5 1 1 0 0.0
5 1 1 1 0.0
5 1 1 2 0.0
5 1 1 3 0.0
5 1 1 4 0.0
5 1 1 5 0.0
5 1 1 6 0.0
5 1 1 7 0.0
5 1 1 8 0.0
5 1 1 9 0.0
5 1 1 10 0.0
5 2 0 0 0.0
5 2 0 1 0.0
5 2 0 2 0.0
5 2 0 3 0.0
5 2 0 4 0.0
5 2 0 5 0.0
5 2 0 6 0.0
5 2 0 7 0.0
5 2 0 8 0.0
5 2 0 9 0.0
5 2 0 10 0.0
5 2 1 0 0.0
5 2 1 1 0.0
5 2 1 2 0.0
5 2 1 3 0.0
5 2 1 4 0.0
5 2 1 5 0.0
5 2 1 6 0.0
5 2 1 7 0.0
5 2 1 8 0.0
5 2 1 9 0.0
5 2 1 10 0.0
5 3 0 0 0.0
5 3 0 1 0.0
5 3 0 2 0.0
5 3 0 3 0.0
5 3 0 4 0.0
5 3 0 5 0.0
5 3 0 6 0.0
5 3 0 7 0.0
5 3 0 8 0.0
5 3 0 9 0.0
5 3 0 10 0.0
5 3 1 0 0.0
5 3 1 1 0.0
5 3 1 2 0.0
5 3 1 3 0.0
5 3 1 4 0.0
5 3 1 5 0.0
5 3 1 6 0.0
5 3 1 7 0.0
5 3 1 8 0.0
5 3 1 9 0.0
5 3 1 10 0.0
5 4 0 0 0.0
5 4 0 1 0.0
5 4 0 2 0.0
5 4 0 3 0.0
5 4 0 4 0.0
5 4 0 5 0.0
5 4 0 6 0.0
5 4 0 7 0.0
5 4 0 8 0.0
5 4 0 9 0.0
5 4 0 10 0.0
5 4 1 0 0.0
5 4 1 1 0.0
5 4 1 2 0.0
5 4 1 3 0.0
5 4 1 4 0.0
5 4 1 5 0.0
5 4 1 6 0.0
5 4 1 7 0.0
5 4 1 8 0.0
5 4 1 9 0.0
5 4 1 10 0.0
5 5 0 0 0.0
5 5 0 1 0.0
5 5 0 2 0.51222649
5 5 0 3 0.15913197505900004
5 5 0 4 0.039923636481
5 5 0 5 0.008591348719097168
5 5 0 6 0.0010224487175003404
5 5 0 7 1.49382126018385E-4
5 5 0 8 2.114111259239275E-5
5 5 0 9 3.157204559052088E-6
5 5 0 10 5.314201376952975E-7
5 5 1 0 0.0
5 5 1 1 0.0
5 5 1 2 0.0
5 5 1 3 0.0
5 5 1 4 0.0
5 5 1 5 0.0
5 5 1 6 0.0
5 5 1 7 0.0
5 5 1 8 0.0
5 5 1 9 0.0
5 5 1 10 0.0
5 6 0 0 0.0
5 6 0 1 0.0
5 6 0 2 0.23551609
5 6 0 3 0.03979152194399999
5 6 0 4 0.004451410282832098
5 6 0 5 5.677359141261944E-4
5 6 0 6 4.2761175875209E-5
5 6 0 7 2.054210978157184E-6
5 6 0 8 9.10590850091248E-8
5 6 0 9 1.901246958361181E-9
5 6 0 10 8.773472652503003E-11
5 6 1 0 0.0
5 6 1 1 0.0
5 6 1 2 0.27394756
5 6 1 3 0.049188818944
5 6 1 4 0.007339912619424102
5 6 1 5 9.419088681031044E-4
5 6 1 6 1.3574039878797443E-4
5 6 1 7 1.9246467315089405E-5
5 6 1 8 7.208886185797159E-7
5 6 1 9 6.68107253062505E-8
5 6 1 10 6.62662112318245E-9
5 7 0 0 0.0
5 7 0 1 0.0
5 7 0 2 0.25816561
5 7 0 3 0.03810265212500001
5 7 0 4 0.004640470641
5 7 0 5 5.141929843161101E-4
5 7 0 6 3.0335013702211834E-5
5 7 0 7 1.7407437870288432E-6
5 7 0 8 6.393235356730736E-8
5 7 0 9 2.6852068809670393E-9
5 7 0 10 1.0937338728025268E-10
5 7 1 0 0.0
5 7 1 1 0.0
5 7 1 2 0.28291761000000004
5 7 1 3 0.050899819815999996
5 7 1 4 0.0081867462148096
5 7 1 5 0.00116321569174572
5 7 1 6 1.3682175070888904E-4
5 7 1 7 1.2315257072597647E-5
5 7 1 8 1.2855487449507039E-6
5 7 1 9 7.028121737821442E-8
5 7 1 10 4.874389203077709E-9
5 8 0 0 0.0
5 8 0 1 0.0
5 8 0 2 0.27762361
5 8 0 3 0.040459583736999996
5 8 0 4 0.005887339441000002
5 8 0 5 3.9403091443303116E-4
5 8 0 6 3.6946832590087885E-5
5 8 0 7 1.5261755876808018E-6
5 8 0 8 9.557585516313915E-8
5 8 0 9 2.578852663406795E-9
5 8 0 10 5.560539464290183E-11
5 8 1 0 0.0
5 8 1 1 0.0
5 8 1 2 0.30846916
5 8 1 3 0.055524368375
5 8 1 4 0.008676371060761603
5 8 1 5 0.001255893840715642
5 8 1 6 1.6971942942560955E-4
5 8 1 7 1.7477456493792757E-5
5 8 1 8 1.0873882025282192E-6
5 8 1 9 1.054696751651988E-7
5 8 1 10 5.766503906249998E-9
5 9 0 0 0.0
5 9 0 1 0.0
5 9 0 2 0.28430224
5 9 0 3 0.054483042671
5 9 0 4 0.006569765505728101
5 9 0 5 4.889811810901467E-4
5 9 0 6 3.289411344492099E-5
5 9 0 7 2.458100350228352E-6
5 9 0 8 6.075871327345944E-8
5 9 0 9 3.6013370222531207E-9
5 9 0 10 7.298569879763239E-11
5 9 1 0 0.0
5 9 1 1 0.0
5 9 1 2 0.32444416
5 9 1 3 0.060052079296000004
5 9 1 4 0.009696427553793604
5 9 1 5 0.0011321035881835938
5 9 1 6 1.7277146579353596E-4
5 9 1 7 1.4753702877169712E-5
5 9 1 8 1.2305604429536147E-6
5 9 1 9 1.230556871915575E-7
5 9 1 10 5.076338631307871E-9
5 10 0 0 0.0
5 10 0 1 0.0
5 10 0 2 0.30958096
5 10 0 3 0.05392446695200001
5 10 0 4 0.006634617273985599
5 10 0 5 4.222064997430583E-4
5 10 0 6 2.8722900390624987E-5
5 10 0 7 2.082387184897568E-6
5 10 0 8 1.052010626396517E-7
5 10 0 9 2.5373706693218502E-9
5 10 0 10 1.757343571286617E-10
5 10 1 0 0.0
5 10 1 1 0.0
5 10 1 2 0.34987225000000005
5 10 1 3 0.070087408867
5 10 1 4 0.010342322521784103
5 10 1 5 0.0011520267052131947
5 10 1 6 1.361000551934082E-4
5 10 1 7 2.1235828992734372E-5
5 10 1 8 1.3720622866878904E-6
5 10 1 9 1.224084056859849E-7
5 10 1 10 1.0589688140453694E-8
5 11 0 0 0.0
5 11 0 1 0.0
5 11 0 2 0.35378704
5 11 0 3 0.06717097462499999
5 11 0 4 0.010098039121000001
5 11 0 5 8.542851743186743E-4
5 11 0 6 6.998036889232903E-5
5 11 0 7 5.399777000501638E-6
5 11 0 8 2.429350327491287E-7
5 11 0 9 6.491162424829084E-9
5 11 0 10 2.76360652108806E-10
5 11 1 0 0.0
5 11 1 1 0.0
5 11 1 2 0.37491128999999995
5 11 1 3 0.08705610956799999
5 11 1 4 0.013379088537360102
5 11 1 5 0.0016574587697624984
5 11 1 6 2.1627011251562498E-4
5 11 1 7 3.6946617376904104E-5
5 11 1 8 3.3710311346263123E-6
5 11 1 9 2.9337333874105173E-7
5 11 1 10 2.4574853153907967E-8
5 12 0 0 0.0
5 12 0 1 0.0
5 12 0 2 0.38204761
5 12 0 3 0.081972739584
5 12 0 4 0.011687651017113597
5 12 0 5 0.0012606781926600215
5 12 0 6 9.052858667746006E-5
5 12 0 7 7.615235286214982E-6
5 12 0 8 4.627860010076108E-7
5 12 0 9 1.677934008517948E-8
5 12 0 10 1.0085686188869539E-9
5 12 1 0 0.0
5 12 1 1 0.0
5 12 1 2 0.41319184000000003
5 12 1 3 0.10015592198399999
5 12 1 4 0.017787834310681604
5 12 1 5 0.0028767947528595583
5 12 1 6 3.424160067503176E-4
5 12 1 7 4.8048353455503227E-5
5 12 1 8 6.203908019394217E-6
5 12 1 9 8.91060945140708E-7
5 12 1 10 4.6453631321496376E-8
6 0 0 0 0.0
6 0 0 1 0.0
6 0 0 2 0.0
6 0 0 3 0.0
6 0 0 4 0.0
6 0 0 5 0.0
6 0 0 6 0.0
6 0 0 7 0.0
6 0 0 8 0.0
6 0 0 9 0.0
6 0 0 10 0.0
6 0 1 0 0.0
6 0 1 1 0.0
6 0 1 2 0.0
6 0 1 3 0.0
6 0 1 4 0.0
6 0 1 5 0.0
6 0 1 6 0.0
6 0 1 7 0.0
6 0 1 8 0.0
6 0 1 9 0.0
6 0 1 10 0.0
6 1 0 0 0.0
6 1 0 1 0.0
6 1 0 2 0.0
6 1 0 3 0.0
6 1 0 4 0.0
6 1 0 5 0.0
6 1 0 6 0.0
6 1 0 7 0.0
6 1 0 8 0.0
6 1 0 9 0.0
6 1 0 10 0.0
6 1 1 0 0.0
6 1 1 1 0.0
6 1 1 2 0.0
6 1 1 3 0.0
6 1 1 4 0.0
6 1 1 5 0.0
6 1 1 6 0.0
6 1 1 7 0.0
6 1 1 8 0.0
6 1 1 9 0.0
6 1 1 10 0.0
6 2 0 0 0.0
6 2 0 1 0.0
6 2 0 2 0.0
6 2 0 3 0.0
6 2 0 4 0.0
6 2 0 5 0.0
6 2 0 6 0.0
6 2 0 7 0.0
6 2 0 8 0.0
6 2 0 9 0.0
6 2 0 10 0.0
6 2 1 0 0.0
6 2 1 1 0.0
6 2 1 2 0.0
6 2 1 3 0.0
6 2 1 4 0.0
6 2 1 5 0.0
6 2 1 6 0.0
6 2 1 7 0.0
6 2 1 8 0.0
6 2 1 9 0.0
6 2 1 10 0.0
6 3 0 0 0.0
6 3 0 1 0.0
6 3 0 2 0.0
6 3 0 3 0.0
6 3 0 4 0.0
6 3 0 5 0.0
6 3 0 6 0.0
6 3 0 7 0.0
6 3 0 8 0.0
6 3 0 9 0.0
6 3 0 10 0.0
6 3 1 0 0.0
6 3 1 1 0.0
6 3 1 2 0.0
6 3 1 3 0.0
6 3 1 4 0.0
6 3 1 5 0.0
6 3 1 6 0.0
6 3 1 7 0.0
6 3 1 8 0.0
6 3 1 9 0.0
6 3 1 10 0.0
6 4 0 0 0.0
6 4 0 1 0.0
6 4 0 2 0.0
6 4 0 3 0.0
6 4 0 4 0.0
6 4 0 5 0.0
6 4 0 6 0.0
6 4 0 7 0.0
6 4 0 8 0.0
6 4 0 9 0.0
6 4 0 10 0.0
6 4 1 0 0.0
6 4 1 1 0.0
6 4 1 2 0.0
6 4 1 3 0.0
6 4 1 4 0.0
6 4 1 5 0.0
6 4 1 6 0.0
6 4 1 7 0.0
6 4 1 8 0.0
6 4 1 9 0.0
6 4 1 10 0.0
6 5 0 0 0.0
6 5 0 1 0.0
6 5 0 2 0.0
6 5 0 3 0.0
6 5 0 4 0.0
6 5 0 5 0.0
6 5 0 6 0.0
6 5 0 7 0.0
6 5 0 8 0.0
6 5 0 9 0.0
6 5 0 10 0.0
6 5 1 0 0.0
6 5 1 1 0.0
6 5 1 2 0.0
6 5 1 3 0.0
6 5 1 4 0.0
6 5 1 5 0.0
6 5 1 6 0.0
6 5 1 7 0.0
6 5 1 8 0.0
6 5 1 9 0.0
6 5 1 10 0.0
6 6 0 0 0.0
6 6 0 1 0.0
6 6 0 2 0.53304601
6 6 0 3 0.181033328393
6 6 0 4 0.046192738431001606
6 6 0 5 0.009022419900000002
6 6 0 6 0.0016979855865467913
6 6 0 7 2.494985759017926E-4
6 6 0 8 3.713737595729327E-5
6 6 0 9 4.705790330307113E-6
6 6 0 10 5.614557575982617E-7
6 6 1 0 0.0
6 6 1 1 0.0
6 6 1 2 0.0
6 6 1 3 0.0
6 6 1 4 0.0
6 6 1 5 0.0
6 6 1 6 0.0
6 6 1 7 0.0
6 6 1 8 0.0
6 6 1 9 0.0
6 6 1 10 0.0
6 7 0 0 0.0
6 7 0 1 0.0
6 7 0 2 0.27144100000000004
6 7 0 3 0.047437928
6 7 0 4 0.005189554126873603
6 7 0 5 6.027389899070001E-4
6 7 0 6 5.2817485810945006E-5
6 7 0 7 3.3014175188780764E-6
6 7 0 8 1.7194588426667226E-7
6 7 0 9 5.8130247818981905E-9
6 7 0 10 2.7387429314977426E-10
6 7 1 0 0.0
6 7 1 1 0.0
6 7 1 2 0.30780303999999997
6 7 1 3 0.061911146816000004
6 7 1 4 0.009883161290528103
6 7 1 5 0.001453587832071303
6 7 1 6 1.4688111854974393E-4
6 7 1 7 2.339890074645363E-5
6 7 1 8 2.24096399738828E-6
6 7 1 9 1.4771797859687045E-7
6 7 1 10 9.695514708609893E-9
6 8 0 0 0.0
6 8 0 1 0.0
6 8 0 2 0.29669808999999997
6 8 0 3 0.053838872575999994
6 8 0 4 0.006067913008176102
6 8 0 5 6.985902726709918E-4
6 8 0 6 7.292649631201099E-5
6 8 0 7 3.8565532865708305E-6
6 8 0 8 2.2526351674168634E-7
6 8 0 9 9.094476066948286E-9
6 8 0 10 1.5381723018260744E-10
6 8 1 0 0.0
6 8 1 1 0.0
6 8 1 2 0.32604099999999997
6 8 1 3 0.060098096212999996
6 8 1 4 0.011060831966840098
6 8 1 5 0.0016132073554375776
6 8 1 6 2.5065725325001124E-4
6 8 1 7 2.439329240460502E-5
6 8 1 8 2.0063830001605027E-6
6 8 1 9 1.7138272769983936E-7
6 8 1 10 1.3819323839271126E-8
6 9 0 0 0.0
6 9 0 1 0.0
6 9 0 2 0.31832164
6 9 0 3 0.054872000000000004
6 9 0 4 0.0062259690411360985
6 9 0 5 7.912981860577175E-4
6 9 0 6 7.24994023555438E-5
6 9 0 7 4.05296540019091E-6
6 9 0 8 2.442424499417755E-7
6 9 0 9 6.880844722372252E-9
6 9 0 10 1.8249256166384047E-10
6 9 1 0 0.0
6 9 1 1 0.0
6 9 1 2 0.33977240999999997
6 9 1 3 0.078128296875
6 9 1 4 0.011419831142232103
6 9 1 5 0.0016366888723117364
6 9 1 6 2.221619517852496E-4
6 9 1 7 2.9011764821700035E-5
6 9 1 8 2.343205068545516E-6
6 9 1 9 2.191000576664516E-7
6 9 1 10 1.1848145386335388E-8
6 10 0 0 0.0
6 10 0 1 0.0
6 10 0 2 0.34105599999999997
6 10 0 3 0.064336588343
6 10 0 4 0.006643920855062498
6 10 0 5 7.30532773836758E-4
6 10 0 6 6.71340993047597E-5
6 10 0 7 3.444226338273575E-6
6 10 0 8 3.2634421361603005E-7
6 10 0 9 7.890886015054764E-9
6 10 0 10 4.335963262834942E-10
6 10 1 0 0.0
6 10 1 1 0.0
6 10 1 2 0.36336784
6 10 1 3 0.08045372301299998
6 10 1 4 0.013098090630672098
6 10 1 5 0.0019202074358003686
6 10 1 6 2.3378178106319051E-4
6 10 1 7 3.4569771431268814E-5
6 10 1 8 3.119111417625389E-6
6 10 1 9 3.5126705974979237E-7
6 10 1 10 1.541629389626432E-8
6 11 0 0 0.0
6 11 0 1 0.0
6 11 0 2 0.36784225000000004
6 11 0 3 0.07256389221100001
6 11 0 4 0.009379039248793597
6 11 0 5 0.0010427397967564794
6 11 0 6 7.186267093266913E-5
6 11 0 7 6.6912411284534325E-6
6 11 0 8 3.3661520972420787E-7
6 11 0 9 9.41976150852562E-9
6 11 0 10 4.335963262834942E-10
6 11 1 0 0.0
6 11 1 1 0.0
6 11 1 2 0.39087503999999995
6 11 1 3 0.095883248033
6 11 1 4 0.015828681990168104
6 11 1 5 0.0020903115833955563
6 11 1 6 2.8545648399914253E-4
6 11 1 7 4.402436245014047E-5
6 11 1 8 5.271886996616063E-6
6 11 1 9 4.894154641190708E-7
6 11 1 10 2.9841634495698755E-8
6 12 0 0 0.0
6 12 0 1 0.0
6 12 0 2 0.39601848999999995
6 12 0 3 0.087883708536
6 12 0 4 0.013873598333337601
6 12 0 5 0.001552848325311219
6 12 0 6 1.4842248958491937E-4
6 12 0 7 1.1888321995281442E-5
6 12 0 8 7.69567932573396E-7
6 12 0 9 3.469527700774286E-8
6 12 0 10 1.171400607136153E-9
6 12 1 0 0.0
6 12 1 1 0.0
6 12 1 2 0.43349055999999997
6 12 1 3 0.11564366284800001
6 12 1 4 0.021027505674649605
6 12 1 5 0.003226403262402344
6 12 1 6 4.7267106669442226E-4
6 12 1 7 5.4985842388302013E-5
6 12 1 8 8.051678694581197E-6
6 12 1 9 7.100333837285838E-7
6 12 1 10 7.245547714754902E-8
7 0 0 0 0.0
7 0 0 1 0.0
7 0 0 2 0.0
7 0 0 3 0.0
7 0 0 4 0.0
7 0 0 5 0.0
7 0 0 6 0.0
7 0 0 7 0.0
7 0 0 8 0.0
7 0 0 9 0.0
7 0 0 10 0.0
7 0 1 0 0.0
7 0 1 1 0.0
7 0 1 2 0.0
7 0 1 3 0.0
7 0 1 4 0.0
7 0 1 5 0.0
7 0 1 6 0.0
7 0 1 7 0.0
7 0 1 8 0.0
7 0 1 9 0.0
7 0 1 10 0.0
7 1 0 0 0.0
7 1 0 1 0.0
7 1 0 2 0.0
7 1 0 3 0.0
7 1 0 4 0.0
7 1 0 5 0.0
7 1 0 6 0.0
7 1 0 7 0.0
7 1 0 8 0.0
7 1 0 9 0.0
7 1 0 10 0.0
7 1 1 0 0.0
7 1 1 1 0.0
7 1 1 2 0.0
7 1 1 3 0.0
7 1 1 4 0.0
7 1 1 5 0.0
7 1 1 6 0.0
7 1 1 7 0.0
7 1 1 8 0.0
7 1 1 9 0.0
7 1 1 10 0.0
7 2 0 0 0.0
7 2 0 1 0.0
7 2 0 2 0.0
7 2 0 3 0.0
7 2 0 4 0.0
7 2 0 5 0.0
7 2 0 6 0.0
7 2 0 7 0.0
7 2 0 8 0.0
7 2 0 9 0.0
7 2 0 10 0.0
7 2 1 0 0.0
7 2 1 1 0.0
7 2 1 2 0.0
7 2 1 3 0.0
7 2 1 4 0.0
7 2 1 5 0.0
7 2 1 6 0.0
7 2 1 7 0.0
7 2 1 8 0.0
7 2 1 9 0.0
7 2 1 10 0.0
7 3 0 0 0.0
7 3 0 1 0.0
7 3 0 2 0.0
7 3 0 3 0.0
7 3 0 4 0.0
7 3 0 5 0.0
7 3 0 6 0.0
7 3 0 7 0.0
7 3 0 8 0.0
7 3 0 9 0.0
7 3 0 10 0.0
7 3 1 0 0.0
7 3 1 1 0.0
7 3 1 2 0.0
7 3 1 3 0.0
7 3 1 4 0.0
7 3 1 5 0.0
7 3 1 6 0.0
7 3 1 7 0.0
7 3 1 8 0.0
7 3 1 9 0.0
7 3 1 10 0.0
7 4 0 0 0.0
7 4 0 1 0.0
7 4 0 2 0.0
7 4 0 3 0.0
7 4 0 4 0.0
7 4 0 5 0.0
7 4 0 6 0.0
7 4 0 7 0.0
7 4 0 8 0.0
7 4 0 9 0.0
7 4 0 10 0.0
7 4 1 0 0.0
7 4 1 1 0.0
7 4 1 2 0.0
7 4 1 3 0.0
7 4 1 4 0.0
7 4 1 5 0.0
7 4 1 6 0.0
7 4 1 7 0.0
7 4 1 8 0.0
7 4 1 9 0.0
7 4 1 10 0.0
7 5 0 0 0.0
7 5 0 1 0.0
7 5 0 2 0.0
7 5 0 3 0.0
7 5 0 4 0.0
7 5 0 5 0.0
7 5 0 6 0.0
7 5 0 7 0.0
7 5 0 8 0.0
7 5 0 9 0.0
7 5 0 10 0.0
7 5 1 0 0.0
7 5 1 1 0.0
7 5 1 2 0.0
7 5 1 3 0.0
7 5 1 4 0.0
7 5 1 5 0.0
7 5 1 6 0.0
7 5 1 7 0.0
7 5 1 8 0.0
7 5 1 9 0.0
7 5 1 10 0.0
7 6 0 0 0.0
7 6 0 1 0.0
7 6 0 2 0.0
7 6 0 3 0.0
7 6 0 4 0.0
7 6 0 5 0.0
7 6 0 6 0.0
7 6 0 7 0.0
7 6 0 8 0.0
7 6 0 9 0.0
7 6 0 10 0.0
7 6 1 0 0.0
7 6 1 1 0.0
7 6 1 2 0.0
7 6 1 3 0.0
7 6 1 4 0.0
7 6 1 5 0.0
7 6 1 6 0.0
7 6 1 7 0.0
7 6 1 8 0.0
7 6 1 9 0.0
7 6 1 10 0.0
7 7 0 0 0.0
7 7 0 1 0.0
7 7 0 2 0.57623281
7 7 0 3 0.21719017933099996
7 7 0 4 0.05897701619138561
7 7 0 5 0.014463081501798059
7 7 0 6 0.002261569841987304
7 7 0 7 4.0064876546928223E-4
7 7 0 8 6.103223493408303E-5
7 7 0 9 7.3259403710669E-6
7 7 0 10 6.500641709341568E-7
7 7 1 0 0.0
7 7 1 1 0.0
7 7 1 2 0.0
7 7 1 3 0.0
7 7 1 4 0.0
7 7 1 5 0.0
7 7 1 6 0.0
7 7 1 7 0.0
7 7 1 8 0.0
7 7 1 9 0.0
7 7 1 10 0.0
7 8 0 0 0.0
7 8 0 1 0.0
7 8 0 2 0.31967716
7 8 0 3 0.054439939
7 8 0 4 0.008208541201
7 8 0 5 9.11938101587646E-4
7 8 0 6 1.0792659546962933E-4
7 8 0 7 7.818462475577112E-6
7 8 0 8 4.359816180451582E-7
7 8 0 9 2.453667768485413E-8
7 8 0 10 7.609583501588058E-10
7 8 1 0 0.0
7 8 1 1 0.0
7 8 1 2 0.33825856
7 8 1 3 0.073718177057
7 8 1 4 0.013363360000000005
7 8 1 5 0.0019135074861759993
7 8 1 6 3.0255509995028474E-4
7 8 1 7 4.8327471754539384E-5
7 8 1 8 4.934902624999978E-6
7 8 1 9 4.268788542106369E-7
7 8 1 10 2.1755728462122997E-8
7 9 0 0 0.0
7 9 0 1 0.0
7 9 0 2 0.34187409
7 9 0 3 0.06496480800000001
7 9 0 4 0.0084177707375281
7 9 0 5 0.0010062130532107188
7 9 0 6 9.987900190350864E-5
7 9 0 7 1.049237548674574E-5
7 9 0 8 5.258581974825629E-7
7 9 0 9 2.6128285519039353E-8
7 9 0 10 8.947331211555844E-10
7 9 1 0 0.0
7 9 1 1 0.0
7 9 1 2 0.36264483999999997
7 9 1 3 0.08305306014700001
7 9 1 4 0.013331944533121599
7 9 1 5 0.0020939044178572086
7 9 1 6 3.463181426406251E-4
7 9 1 7 4.187505833598851E-5
7 9 1 8 4.514985454120676E-6
7 9 1 9 4.327954600022958E-7
7 9 1 10 2.387536022037777E-8
7 10 0 0 0.0
7 10 0 1 0.0
7 10 0 2 0.36060025000000007
7 10 0 3 0.07520488586099999
7 10 0 4 0.0092949363050625
7 10 0 5 0.0011699707008201521
7 10 0 6 9.233780809969668E-5
7 10 0 7 1.3723332506969734E-5
7 10 0 8 4.934409684765879E-7
7 10 0 9 3.406869031684065E-8
7 10 0 10 1.5344532177249316E-9
7 10 1 0 0.0
7 10 1 1 0.0
7 10 1 2 0.38378025000000004
7 10 1 3 0.09222287983199999
7 10 1 4 0.016927178318160103
7 10 1 5 0.0024098173875937183
7 10 1 6 3.606740956043974E-4
7 10 1 7 5.2684139898317824E-5
7 10 1 8 7.07517316606925E-6
7 10 1 9 5.403209258392088E-7
7 10 1 10 4.7725907281222377E-8
7 11 0 0 0.0
7 11 0 1 0.0
7 11 0 2 0.37466640999999995
7 11 0 3 0.081972739584
7 11 0 4 0.013113584451993596
7 11 0 5 0.0014216537914593442
7 11 0 6 1.5075980502987136E-4
7 11 0 7 1.3962886019873663E-5
7 11 0 8 8.210995857304247E-7
7 11 0 9 4.67605266329404E-8
7 11 0 10 2.071031209155858E-9
7 11 1 0 0.0
7 11 1 1 0.0
7 11 1 2 0.41216400000000003
7 11 1 3 0.104287581243
7 11 1 4 0.0190473811500625
7 11 1 5 0.003111222307790519
7 11 1 6 4.08547558468731E-4
7 11 1 7 8.726617418781688E-5
7 11 1 8 7.669151348338888E-6
7 11 1 9 7.224534826896608E-7
7 11 1 10 6.163411560976049E-8
7 12 0 0 0.0
7 12 0 1 0.0
7 12 0 2 0.41280624999999993
7 12 0 3 0.103029788672
7 12 0 4 0.016170570991873596
7 12 0 5 0.002097502190922058
7 12 0 6 2.1680029435180637E-4
7 12 0 7 1.4157100960996128E-5
7 12 0 8 1.5146148795185355E-6
7 12 0 9 5.929834222959866E-8
7 12 0 10 3.996528640171605E-9
7 12 1 0 0.0
7 12 1 1 0.0
7 12 1 2 0.45064369
7 12 1 3 0.115786139624
7 12 1 4 0.024467294610062505
7 12 1 5 0.004088546823227475
7 12 1 6 7.088246634164864E-4
7 12 1 7 9.250405053203618E-5
7 12 1 8 1.4171246509905227E-5
7 12 1 9 1.6259760456962285E-6
7 12 1 10 1.3828654232478447E-7
8 0 0 0 0.0
8 0 0 1 0.0
8 0 0 2 0.0
8 0 0 3 0.0
8 0 0 4 0.0
8 0 0 5 0.0
8 0 0 6 0.0
8 0 0 7 0.0
8 0 0 8 0.0
8 0 0 9 0.0
8 0 0 10 0.0
8 0 1 0 0.0
8 0 1 1 0.0
8 0 1 2 0.0
8 0 1 3 0.0
8 0 1 4 0.0
8 0 1 5 0.0
8 0 1 6 0.0
8 0 1 7 0.0
8 0 1 8 0.0
8 0 1 9 0.0
8 0 1 10 0.0
8 1 0 0 0.0
8 1 0 1 0.0
8 1 0 2 0.0
8 1 0 3 0.0
8 1 0 4 0.0
8 1 0 5 0.0
8 1 0 6 0.0
8 1 0 7 0.0
8 1 0 8 0.0
8 1 0 9 0.0
8 1 0 10 0.0
8 1 1 0 0.0
8 1 1 1 0.0
8 1 1 2 0.0
8 1 1 3 0.0
8 1 1 4 0.0
8 1 1 5 0.0
8 1 1 6 0.0
8 1 1 7 0.0
8 1 1 8 0.0
8 1 1 9 0.0
8 1 1 10 0.0
8 2 0 0 0.0
8 2 0 1 0.0
8 2 0 2 0.0
8 2 0 3 0.0
8 2 0 4 0.0
8 2 0 5 0.0
8 2 0 6 0.0
8 2 0 7 0.0
8 2 0 8 0.0
8 2 0 9 0.0
8 2 0 10 0.0
8 2 1 0 0.0
8 2 1 1 0.0
8 2 1 2 0.0
8 2 1 3 0.0
8 2 1 4 0.0
8 2 1 5 0.0
8 2 1 6 0.0
8 2 1 7 0.0
8 2 1 8 0.0
8 2 1 9 0.0
8 2 1 10 0.0
8 3 0 0 0.0
8 3 0 1 0.0
8 3 0 2 0.0
8 3 0 3 0.0
8 3 0 4 0.0
8 3 0 5 0.0
8 3 0 6 0.0
8 3 0 7 0.0
8 3 0 8 0.0
8 3 0 9 0.0
8 3 0 10 0.0
8 3 1 0 0.0
8 3 1 1 0.0
8 3 1 2 0.0
8 3 1 3 0.0
8 3 1 4 0.0
8 3 1 5 0.0
8 3 1 6 0.0
8 3 1 7 0.0
8 3 1 8 0.0
8 3 1 9 0.0
8 3 1 10 0.0
8 4 0 0 0.0
8 4 0 1 0.0
8 4 0 2 0.0
8 4 0 3 0.0
8 4 0 4 0.0
8 4 0 5 0.0
8 4 0 6 0.0
8 4 0 7 0.0
8 4 0 8 0.0
8 4 0 9 0.0
8 4 0 10 0.0
8 4 1 0 0.0
8 4 1 1 0.0
8 4 1 2 0.0
8 4 1 3 0.0
8 4 1 4 0.0
8 4 1 5 0.0
8 4 1 6 0.0
8 4 1 7 0.0
8 4 1 8 0.0
8 4 1 9 0.0
8 4 1 10 0.0
8 5 0 0 0.0
8 5 0 1 0.0
8 5 0 2 0.0
8 5 0 3 0.0
8 5 0 4 0.0
8 5 0 5 0.0
8 5 0 6 0.0
8 5 0 7 0.0
8 5 0 8 0.0
8 5 0 9 0.0
8 5 0 10 0.0
8 5 1 0 0.0
8 5 1 1 0.0
8 5 1 2 0.0
8 5 1 3 0.0
8 5 1 4 0.0
8 5 1 5 0.0
8 5 1 6 0.0
8 5 1 7 0.0
8 5 1 8 0.0
8 5 1 9 0.0
8 5 1 10 0.0
8 6 0 0 0.0
8 6 0 1 0.0
8 6 0 2 0.0
8 6 0 3 0.0
8 6 0 4 0.0
8 6 0 5 0.0
8 6 0 6 0.0
8 6 0 7 0.0
8 6 0 8 0.0
8 6 0 9 0.0
8 6 0 10 0.0
8 6 1 0 0.0
8 6 1 1 0.0
8 6 1 2 0.0
8 6 1 3 0.0
8 6 1 4 0.0
8 6 1 5 0.0
8 6 1 6 0.0
8 6 1 7 0.0
8 6 1 8 0.0
8 6 1 9 0.0
8 6 1 10 0.0
8 7 0 0 0.0
8 7 0 1 0.0
8 7 0 2 0.0
8 7 0 3 0.0
8 7 0 4 0.0
8 7 0 5 0.0
8 7 0 6 0.0
8 7 0 7 0.0
8 7 0 8 0.0
8 7 0 9 0.0
8 7 0 10 0.0
8 7 1 0 0.0
8 7 1 1 0.0
8 7 1 2 0.0
8 7 1 3 0.0
8 7 1 4 0.0
8 7 1 5 0.0
8 7 1 6 0.0
8 7 1 7 0.0
8 7 1 8 0.0
8 7 1 9 0.0
8 7 1 10 0.0
8 8 0 0 0.0
8 8 0 1 0.0
8 8 0 2 0.61089856
8 8 0 3 0.25823146803200003
8 8 0 4 0.07585344425820162
8 8 0 5 0.017332860884854286
8 8 0 6 0.004016774154685734
8 8 0 7 5.924530424923837E-4
8 8 0 8 1.0197039408924647E-4
8 8 0 9 1.5480465390079587E-5
8 8 0 10 1.4171098670753043E-6
8 8 1 0 0.0
8 8 1 1 0.0
8 8 1 2 0.0
8 8 1 3 0.0
8 8 1 4 0.0
8 8 1 5 0.0
8 8 1 6 0.0
8 8 1 7 0.0
8 8 1 8 0.0
8 8 1 9 0.0
8 8 1 10 0.0
8 9 0 0 0.0
8 9 0 1 0.0
8 9 0 2 0.36457444
8 9 0 3 0.07769050216300001
8 9 0 4 0.0125493967403281
8 9 0 5 0.0017770716718035354
8 9 0 6 1.9447175865632853E-4
8 9 0 7 1.7360773853044314E-5
8 9 0 8 1.778629521614266E-6
8 9 0 9 5.729470994339488E-8
8 9 0 10 3.780844887980815E-9
8 9 1 0 0.0
8 9 1 1 0.0
8 9 1 2 0.390625
8 9 1 3 0.102306236733
8 9 1 4 0.018863473223809598
8 9 1 5 0.002844492284135669
8 9 1 6 5.985248892937824E-4
8 9 1 7 1.0902054763554182E-4
8 9 1 8 8.051678694581197E-6
8 9 1 9 1.002364022925389E-6
8 9 1 10 7.245547714754902E-8
8 10 0 0 0.0
8 10 0 1 0.0
8 10 0 2 0.38502025000000006
8 10 0 3 0.09382422118400002
8 10 0 4 0.013696584990408102
8 10 0 5 0.0020055519655606327
8 10 0 6 2.1946747891751303E-4
8 10 0 7 2.558547495546638E-5
8 10 0 8 1.8777619807893337E-6
8 10 0 9 1.2501582566782448E-7
8 10 0 10 3.040471762248858E-9
8 10 1 0 0.0
8 10 1 1 0.0
8 10 1 2 0.41190724000000006
8 10 1 3 0.10785017599999999
8 10 1 4 0.020873317465520097
8 10 1 5 0.0036426740879069138
8 10 1 6 7.174134840723708E-4
8 10 1 7 8.79650987110859E-5
8 10 1 8 1.4263043743191195E-5
8 10 1 9 1.887515243828654E-6
8 10 1 10 1.1311330564210742E-7
8 11 0 0 0.0
8 11 0 1 0.0
8 11 0 2 0.40297104000000006
8 11 0 3 0.10158608029600001
8 11 0 4 0.018260052037657598
8 11 0 5 0.002354018546423388
8 11 0 6 2.808159136436389E-4
8 11 0 7 2.9283869648237138E-5
8 11 0 8 2.622089005270089E-6
8 11 0 9 1.28344457741278E-7
8 11 0 10 9.452836180169302E-9
8 11 1 0 0.0
8 11 1 1 0.0
8 11 1 2 0.44315648999999996
8 11 1 3 0.122393332125
8 11 1 4 0.023927415194312095
8 11 1 5 0.004125524696503345
8 11 1 6 7.526412607062508E-4
8 11 1 7 1.623547290325164E-4
8 11 1 8 1.8331766683122324E-5
8 11 1 9 2.202601124640315E-6
8 11 1 10 2.347454932330655E-7
8 12 0 0 0.0
8 12 0 1 0.0
8 12 0 2 0.4458232899999999
8 12 0 3 0.11017779818399999
8 12 0 4 0.023684991462504097
8 12 0 5 0.002989781196779843
8 12 0 6 3.5905491039519254E-4
8 12 0 7 3.499190047162788E-5
8 12 0 8 3.5035367690374993E-6
8 12 0 9 2.0236192350977498E-7
8 12 0 10 8.427029871250821E-9
8 12 1 0 0.0
8 12 1 1 0.0
8 12 1 2 0.47472099999999995
8 12 1 3 0.142318408861
8 12 1 4 0.030237384320999997
8 12 1 5 0.004775308725455473
8 12 1 6 8.437682492540859E-4
8 12 1 7 1.2107580430489892E-4
8 12 1 8 2.5983139825034812E-5
8 12 1 9 3.287204771496875E-6
8 12 1 10 3.491448363443954E-7
9 0 0 0 0.0
9 0 0 1 0.0
9 0 0 2 0.0
9 0 0 3 0.0
9 0 0 4 0.0
9 0 0 5 0.0
9 0 0 6 0.0
9 0 0 7 0.0
9 0 0 8 0.0
9 0 0 9 0.0
9 0 0 10 0.0
9 0 1 0 0.0
9 0 1 1 0.0
9 0 1 2 0.0
9 0 1 3 0.0
9 0 1 4 0.0
9 0 1 5 0.0
9 0 1 6 0.0
9 0 1 7 0.0
9 0 1 8 0.0
9 0 1 9 0.0
9 0 1 10 0.0
9 1 0 0 0.0
9 1 0 1 0.0
9 1 0 2 0.0
9 1 0 3 0.0
9 1 0 4 0.0
9 1 0 5 0.0
9 1 0 6 0.0
9 1 0 7 0.0
9 1 0 8 0.0
9 1 0 9 0.0
9 1 0 10 0.0
9 1 1 0 0.0
9 1 1 1 0.0
9 1 1 2 0.0
9 1 1 3 0.0
9 1 1 4 0.0
9 1 1 5 0.0
9 1 1 6 0.0
9 1 1 7 0.0
9 1 1 8 0.0
9 1 1 9 0.0
9 1 1 10 0.0
9 2 0 0 0.0
9 2 0 1 0.0
9 2 0 2 0.0
9 2 0 3 0.0
9 2 0 4 0.0
9 2 0 5 0.0
9 2 0 6 0.0
9 2 0 7 0.0
9 2 0 8 0.0
9 2 0 9 0.0
9 2 0 10 0.0
9 2 1 0 0.0
9 2 1 1 0.0
9 2 1 2 0.0
9 2 1 3 0.0
9 2 1 4 0.0
9 2 1 5 0.0
9 2 1 6 0.0
9 2 1 7 0.0
9 2 1 8 0.0
9 2 1 9 0.0
9 2 1 10 0.0
9 3 0 0 0.0
9 3 0 1 0.0
9 3 0 2 0.0
9 3 0 3 0.0
9 3 0 4 0.0
9 3 0 5 0.0
9 3 0 6 0.0
9 3 0 7 0.0
9 3 0 8 0.0
9 3 0 9 0.0
9 3 0 10 0.0
9 3 1 0 0.0
9 3 1 1 0.0
9 3 1 2 0.0
9 3 1 3 0.0
9 3 1 4 0.0
9 3 1 5 0.0
9 3 1 6 0.0
9 3 1 7 0.0
9 3 1 8 0.0
9 3 1 9 0.0
9 3 1 10 0.0
9 4 0 0 0.0
9 4 0 1 0.0
9 4 0 2 0.0
9 4 0 3 0.0
9 4 0 4 0.0
9 4 0 5 0.0
9 4 0 6 0.0
9 4 0 7 0.0
9 4 0 8 0.0
9 4 0 9 0.0
9 4 0 10 0.0
9 4 1 0 0.0
9 4 1 1 0.0
9 4 1 2 0.0
9 4 1 3 0.0
9 4 1 4 0.0
9 4 1 5 0.0
9 4 1 6 0.0
9 4 1 7 0.0
9 4 1 8 0.0
9 4 1 9 0.0
9 4 1 10 0.0
9 5 0 0 0.0
9 5 0 1 0.0
9 5 0 2 0.0
9 5 0 3 0.0
9 5 0 4 0.0
9 5 0 5 0.0
9 5 0 6 0.0
9 5 0 7 0.0
9 5 0 8 0.0
9 5 0 9 0.0
9 5 0 10 0.0
9 5 1 0 0.0
9 5 1 1 0.0
9 5 1 2 0.0
9 5 1 3 0.0
9 5 1 4 0.0
9 5 1 5 0.0
9 5 1 6 0.0
9 5 1 7 0.0
9 5 1 8 0.0
9 5 1 9 0.0
9 5 1 10 0.0
9 6 0 0 0.0
9 6 0 1 0.0
9 6 0 2 0.0
9 6 0 3 0.0
9 6 0 4 0.0
9 6 0 5 0.0
9 6 0 6 0.0
9 6 0 7 0.0
9 6 0 8 0.0
9 6 0 9 0.0
9 6 0 10 0.0
9 6 1 0 0.0
9 6 1 1 0.0
9 6 1 2 0.0
9 6 1 3 0.0
9 6 1 4 0.0
9 6 1 5 0.0
9 6 1 6 0.0
9 6 1 7 0.0
9 6 1 8 0.0
9 6 1 9 0.0
9 6 1 10 0.0
9 7 0 0 0.0
9 7 0 1 0.0
9 7 0 2 0.0
9 7 0 3 0.0
9 7 0 4 0.0
9 7 0 5 0.0
9 7 0 6 0.0
9 7 0 7 0.0
9 7 0 8 0.0
9 7 0 9 0.0
9 7 0 10 0.0
9 7 1 0 0.0
9 7 1 1 0.0
9 7 1 2 0.0
9 7 1 3 0.0
9 7 1 4 0.0
9 7 1 5 0.0
9 7 1 6 0.0
9 7 1 7 0.0
9 7 1 8 0.0
9 7 1 9 0.0
9 7 1 10 0.0
9 8 0 0 0.0
9 8 0 1 0.0
9 8 0 2 0.0
9 8 0 3 0.0
9 8 0 4 0.0
9 8 0 5 0.0
9 8 0 6 0.0
9 8 0 7 0.0
9 8 0 8 0.0
9 8 0 9 0.0
9 8 0 10 0.0
9 8 1 0 0.0
9 8 1 1 0.0
9 8 1 2 0.0
9 8 1 3 0.0
9 8 1 4 0.0
9 8 1 5 0.0
9 8 1 6 0.0
9 8 1 7 0.0
9 8 1 8 0.0
9 8 1 9 0.0
9 8 1 10 0.0
9 9 0 0 0.0
9 9 0 1 0.0
9 9 0 2 0.64384576
9 9 0 3 0.30454954035199994
9 9 0 4 0.10168833839548809
9 9 0 5 0.025854159854601218
9 9 0 6 0.005138057417746704
9 9 0 7 0.001253790880222891
9 9 0 8 2.0398349863487864E-4
9 9 0 9 3.0015310219135305E-5
9 9 0 10 4.265462422316387E-6
9 9 1 0 0.0
9 9 1 1 0.0
9 9 1 2 0.0
9 9 1 3 0.0
9 9 1 4 0.0
9 9 1 5 0.0
9 9 1 6 0.0
9 9 1 7 0.0
9 9 1 8 0.0
9 9 1 9 0.0
9 9 1 10 0.0
9 10 0 0 0.0
9 10 0 1 0.0
9 10 0 2 0.41370624
9 10 0 3 0.10243753883899999
9 10 0 4 0.016927178318160103
9 10 0 5 0.002318697135226297
9 10 0 6 3.324415585134892E-4
9 10 0 7 4.187505833598851E-5
9 10 0 8 3.3450627982854165E-6
9 10 0 9 1.7051374669858507E-7
9 10 0 10 8.701412957653705E-9
9 10 1 0 0.0
9 10 1 1 0.0
9 10 1 2 0.43335889
9 10 1 3 0.122023936
9 10 1 4 0.021788605820929598
9 10 1 5 0.004263406139234085
9 10 1 6 7.631833430745374E-4
9 10 1 7 1.5011981406466167E-4
9 10 1 8 2.1666331358048197E-5
9 10 1 9 2.1858017052788407E-6
9 10 1 10 1.877540629775263E-7
9 11 0 0 0.0
9 11 0 1 0.0
9 11 0 2 0.42928704
9 11 0 3 0.110868710464
9 11 0 4 0.021450323627304098
9 11 0 5 0.0026741601048379682
9 11 0 6 3.534353819454852E-4
9 11 0 7 5.0610894981858845E-5
9 11 0 8 4.791286663104631E-6
9 11 0 9 3.2116239109483486E-7
9 11 0 10 1.617791287390843E-8
9 11 1 0 0.0
9 11 1 1 0.0
9 11 1 2 0.44943616
9 11 1 3 0.13955607420300004
9 11 1 4 0.031116959999999996
9 11 1 5 0.005614433501912626
9 11 1 6 8.806548111684031E-4
9 11 1 7 1.967444076013814E-4
9 11 1 8 2.9960650073923668E-5
9 11 1 9 3.587488156485221E-6
9 11 1 10 4.3263315522574274E-7
9 12 0 0 0.0
9 12 0 1 0.0
9 12 0 2 0.46867716
9 12 0 3 0.135084663091
9 12 0 4 0.025728240200062508
9 12 0 5 0.0039016944560906386
9 12 0 6 6.147876261765088E-4
9 12 0 7 6.471573973240252E-5
9 12 0 8 6.270871085336435E-6
9 12 0 9 5.283556456827938E-7
9 12 0 10 3.086996627039956E-8
9 12 1 0 0.0
9 12 1 1 0.0
9 12 1 2 0.48776256
9 12 1 3 0.155894602968
9 12 1 4 0.036136489216
9 12 1 5 0.006522842714145343
9 12 1 6 0.0012797717333970322
9 12 1 7 2.5410508265992515E-4
9 12 1 8 4.267906313858331E-5
9 12 1 9 4.6892659175426915E-6
9 12 1 10 4.106768701542786E-7
10 0 0 0 0.0
10 0 0 1 0.0
10 0 0 2 0.0
10 0 0 3 0.0
10 0 0 4 0.0
10 0 0 5 0.0
10 0 0 6 0.0
10 0 0 7 0.0
10 0 0 8 0.0
10 0 0 9 0.0
10 0 0 10 0.0
10 0 1 0 0.0
10 0 1 1 0.0
10 0 1 2 0.0
10 0 1 3 0.0
10 0 1 4 0.0
10 0 1 5 0.0
10 0 1 6 0.0
10 0 1 7 0.0
10 0 1 8 0.0
10 0 1 9 0.0
10 0 1 10 0.0
10 1 0 0 0.0
10 1 0 1 0.0
10 1 0 2 0.0
10 1 0 3 0.0
10 1 0 4 0.0
10 1 0 5 0.0
10 1 0 6 0.0
10 1 0 7 0.0
10 1 0 8 0.0
10 1 0 9 0.0
10 1 0 10 0.0
10 1 1 0 0.0
10 1 1 1 0.0
10 1 1 2 0.0
10 1 1 3 0.0
10 1 1 4 0.0
10 1 1 5 0.0
10 1 1 6 0.0
10 1 1 7 0.0
10 1 1 8 0.0
10 1 1 9 0.0
10 1 1 10 0.0
10 2 0 0 0.0
10 2 0 1 0.0
10 2 0 2 0.0
10 2 0 3 0.0
10 2 0 4 0.0
10 2 0 5 0.0
10 2 0 6 0.0
10 2 0 7 0.0
10 2 0 8 0.0
10 2 0 9 0.0
10 2 0 10 0.0
10 2 1 0 0.0
10 2 1 1 0.0
10 2 1 2 0.0
10 2 1 3 0.0
10 2 1 4 0.0
10 2 1 5 0.0
10 2 1 6 0.0
10 2 1 7 0.0
10 2 1 8 0.0
10 2 1 9 0.0
10 2 1 10 0.0
10 3 0 0 0.0
10 3 0 1 0.0
10 3 0 2 0.0
10 3 0 3 0.0
10 3 0 4 0.0
10 3 0 5 0.0
10 3 0 6 0.0
10 3 0 7 0.0
10 3 0 8 0.0
10 3 0 9 0.0
10 3 0 10 0.0
10 3 1 0 0.0
10 3 1 1 0.0
10 3 1 2 0.0
10 3 1 3 0.0
10 3 1 4 0.0
10 3 1 5 0.0
10 3 1 6 0.0
10 3 1 7 0.0
10 3 1 8 0.0
10 3 1 9 0.0
10 3 1 10 0.0
10 4 0 0 0.0
10 4 0 1 0.0
10 4 0 2 0.0
10 4 0 3 0.0
10 4 0 4 0.0
10 4 0 5 0.0
10 4 0 6 0.0
10 4 0 7 0.0
10 4 0 8 0.0
10 4 0 9 0.0
10 4 0 10 0.0
10 4 1 0 0.0
10 4 1 1 0.0
10 4 1 2 0.0
10 4 1 3 0.0
10 4 1 4 0.0
10 4 1 5 0.0
10 4 1 6 0.0
10 4 1 7 0.0
10 4 1 8 0.0
10 4 1 9 0.0
10 4 1 10 0.0
10 5 0 0 0.0
10 5 0 1 0.0
10 5 0 2 0.0
10 5 0 3 0.0
10 5 0 4 0.0
10 5 0 5 0.0
10 5 0 6 0.0
10 5 0 7 0.0
10 5 0 8 0.0
10 5 0 9 0.0
10 5 0 10 0.0
10 5 1 0 0.0
10 5 1 1 0.0
10 5 1 2 0.0
10 5 1 3 0.0
10 5 1 4 0.0
10 5 1 5 0.0
10 5 1 6 0.0
10 5 1 7 0.0
10 5 1 8 0.0
10 5 1 9 0.0
10 5 1 10 0.0
10 6 0 0 0.0
10 6 0 1 0.0
10 6 0 2 0.0
10 6 0 3 0.0
10 6 0 4 0.0
10 6 0 5 0.0
10 6 0 6 0.0
10 6 0 7 0.0
10 6 0 8 0.0
10 6 0 9 0.0
10 6 0 10 0.0
10 6 1 0 0.0
10 6 1 1 0.0
10 6 1 2 0.0
10 6 1 3 0.0
10 6 1 4 0.0
10 6 1 5 0.0
10 6 1 6 0.0
10 6 1 7 0.0
10 6 1 8 0.0
10 6 1 9 0.0
10 6 1 10 0.0
10 7 0 0 0.0
10 7 0 1 0.0
10 7 0 2 0.0
10 7 0 3 0.0
10 7 0 4 0.0
10 7 0 5 0.0
10 7 0 6 0.0
10 7 0 7 0.0
10 7 0 8 0.0
10 7 0 9 0.0
10 7 0 10 0.0
10 7 1 0 0.0
10 7 1 1 0.0
10 7 1 2 0.0
10 7 1 3 0.0
10 7 1 4 0.0
10 7 1 5 0.0
10 7 1 6 0.0
10 7 1 7 0.0
10 7 1 8 0.0
10 7 1 9 0.0
10 7 1 10 0.0
10 8 0 0 0.0
10 8 0 1 0.0
10 8 0 2 0.0
10 8 0 3 0.0
10 8 0 4 0.0
10 8 0 5 0.0
10 8 0 6 0.0
10 8 0 7 0.0
10 8 0 8 0.0
10 8 0 9 0.0
10 8 0 10 0.0
10 8 1 0 0.0
10 8 1 1 0.0
10 8 1 2 0.0
10 8 1 3 0.0
10 8 1 4 0.0
10 8 1 5 0.0
10 8 1 6 0.0
10 8 1 7 0.0
10 8 1 8 0.0
10 8 1 9 0.0
10 8 1 10 0.0
10 9 0 0 0.0
10 9 0 1 0.0
10 9 0 2 0.0
10 9 0 3 0.0
10 9 0 4 0.0
10 9 0 5 0.0
10 9 0 6 0.0
10 9 0 7 0.0
10 9 0 8 0.0
10 9 0 9 0.0
10 9 0 10 0.0
10 9 1 0 0.0
10 9 1 1 0.0
10 9 1 2 0.0
10 9 1 3 0.0
10 9 1 4 0.0
10 9 1 5 0.0
10 9 1 6 0.0
10 9 1 7 0.0
10 9 1 8 0.0
10 9 1 9 0.0
10 9 1 10 0.0
10 10 0 0 0.0
10 10 0 1 0.0
10 10 0 2 0.6806249999999999
10 10 0 3 0.33454444888800006
10 10 0 4 0.12374045144511207
10 10 0 5 0.04049526765993867
10 10 0 6 0.010018255465354231
10 10 0 7 0.0021632889460308485
10 10 0 8 5.08362673187852E-4
10 10 0 9 9.184382909349496E-5
10 10 0 10 1.1798037509898333E-5
10 10 1 0 0.0
10 10 1 1 0.0
10 10 1 2 0.0
10 10 1 3 0.0
10 10 1 4 0.0
10 10 1 5 0.0
10 10 1 6 0.0
10 10 1 7 0.0
10 10 1 8 0.0
10 10 1 9 0.0
10 10 1 10 0.0
10 11 0 0 0.0
10 11 0 1 0.0
10 11 0 2 0.43731769
10 11 0 3 0.11557246831099999
10 11 0 4 0.0261418484370481
10 11 0 5 0.004181492708661001
10 11 0 6 5.313851022399181E-4
10 11 0 7 7.818048288974223E-5
10 11 0 8 8.538540796890874E-6
10 11 0 9 6.450542009698975E-7
10 11 0 10 3.49191226402473E-8
10 11 1 0 0.0
10 11 1 1 0.0
10 11 1 2 0.45981961000000005
10 11 1 3 0.152530088607
10 11 1 4 0.0348607772023681
10 11 1 5 0.005742210536767541
10 11 1 6 0.00120476887818584
10 11 1 7 2.2333424159263164E-4
10 11 1 8 4.42655255511777E-5
10 11 1 9 4.479093002093256E-6
10 11 1 10 5.758267250001276E-7
10 12 0 0 0.0
10 12 0 1 0.0
10 12 0 2 0.48553023999999995
10 12 0 3 0.146613281417
10 12 0 4 0.029575775531688105
10 12 0 5 0.00479620415176881
10 12 0 6 7.27543214460135E-4
10 12 0 7 1.0379265592998195E-4
10 12 0 8 1.4920323104567986E-5
10 12 0 9 1.019233714650096E-6
10 12 0 10 6.098873806890914E-8
10 12 1 0 0.0
10 12 1 1 0.0
10 12 1 2 0.49519368999999996
10 12 1 3 0.16619356599199997
10 12 1 4 0.04078798701132961
10 12 1 5 0.0069813765287406555
10 12 1 6 0.0016198866511536146
10 12 1 7 3.252416138705463E-4
10 12 1 8 6.992851322249675E-5
10 12 1 9 7.180074684544959E-6
10 12 1 10 9.729203828507208E-7
11 0 0 0 0.0
11 0 0 1 0.0
11 0 0 2 0.0
11 0 0 3 0.0
11 0 0 4 0.0
11 0 0 5 0.0
11 0 0 6 0.0
11 0 0 7 0.0
11 0 0 8 0.0
11 0 0 9 0.0
11 0 0 10 0.0
11 0 1 0 0.0
11 0 1 1 0.0
11 0 1 2 0.0
11 0 1 3 0.0
11 0 1 4 0.0
11 0 1 5 0.0
11 0 1 6 0.0
11 0 1 7 0.0
11 0 1 8 0.0
11 0 1 9 0.0
11 0 1 10 0.0
11 1 0 0 0.0
11 1 0 1 0.0
11 1 0 2 0.0
11 1 0 3 0.0
11 1 0 4 0.0
11 1 0 5 0.0
11 1 0 6 0.0
11 1 0 7 0.0
11 1 0 8 0.0
11 1 0 9 0.0
11 1 0 10 0.0
11 1 1 0 0.0
11 1 1 1 0.0
11 1 1 2 0.0
11 1 1 3 0.0
11 1 1 4 0.0
11 1 1 5 0.0
11 1 1 6 0.0
11 1 1 7 0.0
11 1 1 8 0.0
11 1 1 9 0.0
11 1 1 10 0.0
11 2 0 0 0.0
11 2 0 1 0.0
11 2 0 2 0.0
11 2 0 3 0.0
11 2 0 4 0.0
11 2 0 5 0.0
11 2 0 6 0.0
11 2 0 7 0.0
11 2 0 8 0.0
11 2 0 9 0.0
11 2 0 10 0.0
11 2 1 0 0.0
11 2 1 1 0.0
11 2 1 2 0.0
11 2 1 3 0.0
11 2 1 4 0.0
11 2 1 5 0.0
11 2 1 6 0.0
11 2 1 7 0.0
11 2 1 8 0.0
11 2 1 9 0.0
11 2 1 10 0.0
11 3 0 0 0.0
11 3 0 1 0.0
11 3 0 2 0.0
11 3 0 3 0.0
11 3 0 4 0.0
11 3 0 5 0.0
11 3 0 6 0.0
11 3 0 7 0.0
11 3 0 8 0.0
11 3 0 9 0.0
11 3 0 10 0.0
11 3 1 0 0.0
11 3 1 1 0.0
11 3 1 2 0.0
11 3 1 3 0.0
11 3 1 4 0.0
11 3 1 5 0.0
11 3 1 6 0.0
11 3 1 7 0.0
11 3 1 8 0.0
11 3 1 9 0.0
11 3 1 10 0.0
11 4 0 0 0.0
11 4 0 1 0.0
11 4 0 2 0.0
11 4 0 3 0.0
11 4 0 4 0.0
11 4 0 5 0.0
11 4 0 6 0.0
11 4 0 7 0.0
11 4 0 8 0.0
11 4 0 9 0.0
11 4 0 10 0.0
11 4 1 0 0.0
11 4 1 1 0.0
11 4 1 2 0.0
11 4 1 3 0.0
11 4 1 4 0.0
11 4 1 5 0.0
11 4 1 6 0.0
11 4 1 7 0.0
11 4 1 8 0.0
11 4 1 9 0.0
11 4 1 10 0.0
11 5 0 0 0.0
11 5 0 1 0.0
11 5 0 2 0.0
11 5 0 3 0.0
11 5 0 4 0.0
11 5 0 5 0.0
11 5 0 6 0.0
11 5 0 7 0.0
11 5 0 8 0.0
11 5 0 9 0.0
11 5 0 10 0.0
11 5 1 0 0.0
11 5 1 1 0.0
11 5 1 2 0.0
11 5 1 3 0.0
11 5 1 4 0.0
11 5 1 5 0.0
11 5 1 6 0.0
11 5 1 7 0.0
11 5 1 8 0.0
11 5 1 9 0.0
11 5 1 10 0.0
11 6 0 0 0.0
11 6 0 1 0.0
11 6 0 2 0.0
11 6 0 3 0.0
11 6 0 4 0.0
11 6 0 5 0.0
11 6 0 6 0.0
11 6 0 7 0.0
11 6 0 8 0.0
11 6 0 9 0.0
11 6 0 10 0.0
11 6 1 0 0.0
11 6 1 1 0.0
11 6 1 2 0.0
11 6 1 3 0.0
11 6 1 4 0.0
11 6 1 5 0.0
11 6 1 6 0.0
11 6 1 7 0.0
11 6 1 8 0.0
11 6 1 9 0.0
11 6 1 10 0.0
11 7 0 0 0.0
11 7 0 1 0.0
11 7 0 2 0.0
11 7 0 3 0.0
11 7 0 4 0.0
11 7 0 5 0.0
11 7 0 6 0.0
11 7 0 7 0.0
11 7 0 8 0.0
11 7 0 9 0.0
11 7 0 10 0.0
11 7 1 0 0.0
11 7 1 1 0.0
11 7 1 2 0.0
11 7 1 3 0.0
11 7 1 4 0.0
11 7 1 5 0.0
11 7 1 6 0.0
11 7 1 7 0.0
11 7 1 8 0.0
11 7 1 9 0.0
11 7 1 10 0.0
11 8 0 0 0.0
11 8 0 1 0.0
11 8 0 2 0.0
11 8 0 3 0.0
11 8 0 4 0.0
11 8 0 5 0.0
11 8 0 6 0.0
11 8 0 7 0.0
11 8 0 8 0.0
11 8 0 9 0.0
11 8 0 10 0.0
11 8 1 0 0.0
11 8 1 1 0.0
11 8 1 2 0.0
11 8 1 3 0.0
11 8 1 4 0.0
11 8 1 5 0.0
11 8 1 6 0.0
11 8 1 7 0.0
11 8 1 8 0.0
11 8 1 9 0.0
11 8 1 10 0.0
11 9 0 0 0.0
11 9 0 1 0.0
11 9 0 2 0.0
11 9 0 3 0.0
11 9 0 4 0.0
11 9 0 5 0.0
11 9 0 6 0.0
11 9 0 7 0.0
11 9 0 8 0.0
11 9 0 9 0.0
11 9 0 10 0.0
11 9 1 0 0.0
11 9 1 1 0.0
11 9 1 2 0.0
11 9 1 3 0.0
11 9 1 4 0.0
11 9 1 5 0.0
11 9 1 6 0.0
11 9 1 7 0.0
11 9 1 8 0.0
11 9 1 9 0.0
11 9 1 10 0.0
11 10 0 0 0.0
11 10 0 1 0.0
11 10 0 2 0.0
11 10 0 3 0.0
11 10 0 4 0.0
11 10 0 5 0.0
11 10 0 6 0.0
11 10 0 7 0.0
11 10 0 8 0.0
11 10 0 9 0.0
11 10 0 10 0.0
11 10 1 0 0.0
11 10 1 1 0.0
11 10 1 2 0.0
11 10 1 3 0.0
11 10 1 4 0.0
11 10 1 5 0.0
11 10 1 6 0.0
11 10 1 7 0.0
11 10 1 8 0.0
11 10 1 9 0.0
11 10 1 10 0.0
11 11 0 0 0.0
11 11 0 1 0.0
11 11 0 2 0.72709729
11 11 0 3 0.4009677096240001
11 11 0 4 0.17382936577368016
11 11 0 5 0.057882463148542194
11 11 0 6 0.017206604224906337
11 11 0 7 0.0050737814733137
11 11 0 8 0.0010172693082810178
11 11 0 9 2.563043996230199E-4
11 11 0 10 4.940138173847842E-5
11 11 1 0 0.0
11 11 1 1 0.0
11 11 1 2 0.0
11 11 1 3 0.0
11 11 1 4 0.0
11 11 1 5 0.0
11 11 1 6 0.0
11 11 1 7 0.0
11 11 1 8 0.0
11 11 1 9 0.0
11 11 1 10 0.0
11 12 0 0 0.0
11 12 0 1 0.0
11 12 0 2 0.49364676
11 12 0 3 0.16929592876800004
11 12 0 4 0.04133528546285611
11 12 0 5 0.006639672141459017
11 12 0 6 0.0010070834596249542
11 12 0 7 1.7798499568720297E-4
11 12 0 8 1.83891767499301E-5
11 12 0 9 2.016161868978066E-6
11 12 0 10 1.4584700349361267E-7
11 12 1 0 0.0
11 12 1 1 0.0
11 12 1 2 0.51351556
11 12 1 3 0.18257375621700003
11 12 1 4 0.0500123493360481
11 12 1 5 0.011319649349812047
11 12 1 6 0.0020806455273776215
11 12 1 7 5.241530920251237E-4
11 12 1 8 9.52258917073286E-5
11 12 1 9 1.6765681928561907E-5
11 12 1 10 1.983913807584766E-6
12 0 0 0 0.0
12 0 0 1 0.0
12 0 0 2 0.0
12 0 0 3 0.0
12 0 0 4 0.0
12 0 0 5 0.0
12 0 0 6 0.0
12 0 0 7 0.0
12 0 0 8 0.0
12 0 0 9 0.0
12 0 0 10 0.0
12 0 1 0 0.0
12 0 1 1 0.0
12 0 1 2 0.0
12 0 1 3 0.0
12 0 1 4 0.0
12 0 1 5 0.0
12 0 1 6 0.0
12 0 1 7 0.0
12 0 1 8 0.0
12 0 1 9 0.0
12 0 1 10 0.0
12 1 0 0 0.0
12 1 0 1 0.0
12 1 0 2 0.0
12 1 0 3 0.0
12 1 0 4 0.0
12 1 0 5 0.0
12 1 0 6 0.0
12 1 0 7 0.0
12 1 0 8 0.0
12 1 0 9 0.0
12 1 0 10 0.0
12 1 1 0 0.0
12 1 1 1 0.0
12 1 1 2 0.0
12 1 1 3 0.0
12 1 1 4 0.0
12 1 1 5 0.0
12 1 1 6 0.0
12 1 1 7 0.0
12 1 1 8 0.0
12 1 1 9 0.0
12 1 1 10 0.0
12 2 0 0 0.0
12 2 0 1 0.0
12 2 0 2 0.0
12 2 0 3 0.0
12 2 0 4 0.0
12 2 0 5 0.0
12 2 0 6 0.0
12 2 0 7 0.0
12 2 0 8 0.0
12 2 0 9 0.0
12 2 0 10 0.0
12 2 1 0 0.0
12 2 1 1 0.0
12 2 1 2 0.0
12 2 1 3 0.0
12 2 1 4 0.0
12 2 1 5 0.0
12 2 1 6 0.0
12 2 1 7 0.0
12 2 1 8 0.0
12 2 1 9 0.0
12 2 1 10 0.0
12 3 0 0 0.0
12 3 0 1 0.0
12 3 0 2 0.0
12 3 0 3 0.0
12 3 0 4 0.0
12 3 0 5 0.0
12 3 0 6 0.0
12 3 0 7 0.0
12 3 0 8 0.0
12 3 0 9 0.0
12 3 0 10 0.0
12 3 1 0 0.0
12 3 1 1 0.0
12 3 1 2 0.0
12 3 1 3 0.0
12 3 1 4 0.0
12 3 1 5 0.0
12 3 1 6 0.0
12 3 1 7 0.0
12 3 1 8 0.0
12 3 1 9 0.0
12 3 1 10 0.0
12 4 0 0 0.0
12 4 0 1 0.0
12 4 0 2 0.0
12 4 0 3 0.0
12 4 0 4 0.0
12 4 0 5 0.0
12 4 0 6 0.0
12 4 0 7 0.0
12 4 0 8 0.0
12 4 0 9 0.0
12 4 0 10 0.0
12 4 1 0 0.0
12 4 1 1 0.0
12 4 1 2 0.0
12 4 1 3 0.0
12 4 1 4 0.0
12 4 1 5 0.0
12 4 1 6 0.0
12 4 1 7 0.0
12 4 1 8 0.0
12 4 1 9 0.0
12 4 1 10 0.0
12 5 0 0 0.0
12 5 0 1 0.0
12 5 0 2 0.0
12 5 0 3 0.0
12 5 0 4 0.0
12 5 0 5 0.0
12 5 0 6 0.0
12 5 0 7 0.0
12 5 0 8 0.0
12 5 0 9 0.0
12 5 0 10 0.0
12 5 1 0 0.0
12 5 1 1 0.0
12 5 1 2 0.0
12 5 1 3 0.0
12 5 1 4 0.0
12 5 1 5 0.0
12 5 1 6 0.0
12 5 1 7 0.0
12 5 1 8 0.0
12 5 1 9 0.0
12 5 1 10 0.0
12 6 0 0 0.0
12 6 0 1 0.0
12 6 0 2 0.0
12 6 0 3 0.0
12 6 0 4 0.0
12 6 0 5 0.0
12 6 0 6 0.0
12 6 0 7 0.0
12 6 0 8 0.0
12 6 0 9 0.0
12 6 0 10 0.0
12 6 1 0 0.0
12 6 1 1 0.0
12 6 1 2 0.0
12 6 1 3 0.0
12 6 1 4 0.0
12 6 1 5 0.0
12 6 1 6 0.0
12 6 1 7 0.0
12 6 1 8 0.0
12 6 1 9 0.0
12 6 1 10 0.0
12 7 0 0 0.0
12 7 0 1 0.0
12 7 0 2 0.0
12 7 0 3 0.0
12 7 0 4 0.0
12 7 0 5 0.0
12 7 0 6 0.0
12 7 0 7 0.0
12 7 0 8 0.0
12 7 0 9 0.0
12 7 0 10 0.0
12 7 1 0 0.0
12 7 1 1 0.0
12 7 1 2 0.0
12 7 1 3 0.0
12 7 1 4 0.0
12 7 1 5 0.0
12 7 1 6 0.0
12 7 1 7 0.0
12 7 1 8 0.0
12 7 1 9 0.0
12 7 1 10 0.0
12 8 0 0 0.0
12 8 0 1 0.0
12 8 0 2 0.0
12 8 0 3 0.0
12 8 0 4 0.0
12 8 0 5 0.0
12 8 0 6 0.0
12 8 0 7 0.0
12 8 0 8 0.0
12 8 0 9 0.0
12 8 0 10 0.0
12 8 1 0 0.0
12 8 1 1 0.0
12 8 1 2 0.0
12 8 1 3 0.0
12 8 1 4 0.0
12 8 1 5 0.0
12 8 1 6 0.0
12 8 1 7 0.0
12 8 1 8 0.0
12 8 1 9 0.0
12 8 1 10 0.0
12 9 0 0 0.0
12 9 0 1 0.0
12 9 0 2 0.0
12 9 0 3 0.0
12 9 0 4 0.0
12 9 0 5 0.0
12 9 0 6 0.0
12 9 0 7 0.0
12 9 0 8 0.0
12 9 0 9 0.0
12 9 0 10 0.0
12 9 1 0 0.0
12 9 1 1 0.0
12 9 1 2 0.0
12 9 1 3 0.0
12 9 1 4 0.0
12 9 1 5 0.0
12 9 1 6 0.0
12 9 1 7 0.0
12 9 1 8 0.0
12 9 1 9 0.0
12 9 1 10 0.0
12 10 0 0 0.0
12 10 0 1 0.0
12 10 0 2 0.0
12 10 0 3 0.0
12 10 0 4 0.0
12 10 0 5 0.0
12 10 0 6 0.0
12 10 0 7 0.0
12 10 0 8 0.0
12 10 0 9 0.0
12 10 0 10 0.0
12 10 1 0 0.0
12 10 1 1 0.0
12 10 1 2 0.0
12 10 1 3 0.0
12 10 1 4 0.0
12 10 1 5 0.0
12 10 1 6 0.0
12 10 1 7 0.0
12 10 1 8 0.0
12 10 1 9 0.0
12 10 1 10 0.0
12 11 0 0 0.0
12 11 0 1 0.0
12 11 0 2 0.0
12 11 0 3 0.0
12 11 0 4 0.0
12 11 0 5 0.0
12 11 0 6 0.0
12 11 0 7 0.0
12 11 0 8 0.0
12 11 0 9 0.0
12 11 0 10 0.0
12 11 1 0 0.0
12 11 1 1 0.0
12 11 1 2 0.0
12 11 1 3 0.0
12 11 1 4 0.0
12 11 1 5 0.0
12 11 1 6 0.0
12 11 1 7 0.0
12 11 1 8 0.0
12 11 1 9 0.0
12 11 1 10 0.0
12 12 0 0 0.0
12 12 0 1 0.0
12 12 0 2 0.7626528899999999
12 12 0 3 0.4653042107490001
12 12 0 4 0.2301070627714576
12 12 0 5 0.09058360037276761
12 12 0 6 0.03154143963208071
12 12 0 7 0.008827337235360761
12 12 0 8 0.0022934102003861266
12 12 0 9 5.196763155065973E-4
12 12 0 10 1.2782082929404216E-4
12 12 1 0 0.0
12 12 1 1 0.0
12 12 1 2 0.0
12 12 1 3 0.0
12 12 1 4 0.0
12 12 1 5 0.0
12 12 1 6 0.0
12 12 1 7 0.0
12 12 1 8 0.0
12 12 1 9 0.0
12 12 1 10 0.0
