Cards  Prob0 00.0
0 00.0
0 00.35450116000000004
0 00.0
0 00.0
0 00.0
0 00.0
0 00.0
0 00.0
0 00.0
0 00.0
0 00.0
0 00.0
0 00.0
0 00.0
0 00.0
0 00.0
0 00.0
0 00.0
0 00.0
0 10.0
0 10.0
0 10.16426809
0 10.0
0 10.0
0 10.0
0 10.0
0 10.0
0 10.0
0 10.0
0 10.0
0 10.0
0 10.0
0 10.0
0 10.0
0 10.0
0 10.0
0 10.0
0 10.0
0 10.0
0 20.0
0 20.0
0 20.18054001
0 20.0
0 20.0
0 20.0
0 20.0
0 20.0
0 20.0
0 20.0
0 20.0
0 20.0
0 20.0
0 20.0
0 20.0
0 20.0
0 20.0
0 20.0
0 20.0
0 20.0
0 30.0
0 30.0
0 30.18515809000000003
0 30.0
0 30.0
0 30.0
0 30.0
0 30.0
0 30.0
0 30.0
0 30.0
0 30.0
0 30.0
0 30.0
0 30.0
0 30.0
0 30.0
0 30.0
0 30.0
0 30.0
0 40.0
0 40.0
0 40.18931200999999998
0 40.0
0 40.0
0 40.0
0 40.0
0 40.0
0 40.0
0 40.0
0 40.0
0 40.0
0 40.0
0 40.0
0 40.0
0 40.0
0 40.0
0 40.0
0 40.0
0 40.0
0 50.0
0 50.0
0 50.190096
0 50.0
0 50.0
0 50.0
0 50.0
0 50.0
0 50.0
0 50.0
0 50.0
0 50.0
0 50.0
0 50.0
0 50.0
0 50.0
0 50.0
0 50.0
0 50.0
0 50.0
0 60.0
0 60.0
0 60.20539024
0 60.0
0 60.0
0 60.0
0 60.0
0 60.0
0 60.0
0 60.0
0 60.0
0 60.0
0 60.0
0 60.0
0 60.0
0 60.0
0 60.0
0 60.0
0 60.0
0 60.0
0 70.0
0 70.0
0 70.23001616000000003
0 70.0
0 70.0
0 70.0
0 70.0
0 70.0
0 70.0
0 70.0
0 70.0
0 70.0
0 70.0
0 70.0
0 70.0
0 70.0
0 70.0
0 70.0
0 70.0
0 70.0
0 80.0
0 80.0
0 80.24740676
0 80.0
0 80.0
0 80.0
0 80.0
0 80.0
0 80.0
0 80.0
0 80.0
0 80.0
0 80.0
0 80.0
0 80.0
0 80.0
0 80.0
0 80.0
0 80.0
0 80.0
0 90.0
0 90.0
0 90.27478564
0 90.0
0 90.0
0 90.0
0 90.0
0 90.0
0 90.0
0 90.0
0 90.0
0 90.0
0 90.0
0 90.0
0 90.0
0 90.0
0 90.0
0 90.0
0 90.0
0 90.0
0 100.0
0 100.0
0 100.29855296
0 100.0
0 100.0
0 100.0
0 100.0
0 100.0
0 100.0
0 100.0
0 100.0
0 100.0
0 100.0
0 100.0
0 100.0
0 100.0
0 100.0
0 100.0
0 100.0
0 100.0
0 110.0
0 110.0
0 110.31899903999999996
0 110.0
0 110.0
0 110.0
0 110.0
0 110.0
0 110.0
0 110.0
0 110.0
0 110.0
0 110.0
0 110.0
0 110.0
0 110.0
0 110.0
0 110.0
0 110.0
0 110.0
0 120.0
0 120.0
0 120.36409156000000004
0 120.0
0 120.0
0 120.0
0 120.0
0 120.0
0 120.0
0 120.0
0 120.0
0 120.0
0 120.0
0 120.0
0 120.0
0 120.0
0 120.0
0 120.0
0 120.0
0 120.0
0 130.0
0 130.0
0 130.0
0 130.0
0 130.0
0 130.0
0 130.0
0 130.0
0 130.0
0 130.0
0 130.0
0 130.0
0 130.0
0 130.0
0 130.0
0 130.0
0 130.0
0 130.0
0 130.0
0 130.0
1 00.0
1 00.0
1 00.0
1 00.0
1 00.0
1 00.0
1 00.0
1 00.0
1 00.0
1 00.0
1 00.0
1 00.0
1 00.0
1 00.0
1 00.0
1 00.0
1 00.0
1 00.0
1 00.0
1 00.0
1 10.0
1 10.0
1 10.37920964
1 10.0
1 10.0
1 10.0
1 10.0
1 10.0
1 10.0
1 10.0
1 10.0
1 10.0
1 10.0
1 10.0
1 10.0
1 10.0
1 10.0
1 10.0
1 10.0
1 10.0
1 20.0
1 20.0
1 20.19342404000000002
1 20.0
1 20.0
1 20.0
1 20.0
1 20.0
1 20.0
1 20.0
1 20.0
1 20.0
1 20.0
1 20.0
1 20.0
1 20.0
1 20.0
1 20.0
1 20.0
1 20.0
1 30.0
1 30.0
1 30.19554084
1 30.0
1 30.0
1 30.0
1 30.0
1 30.0
1 30.0
1 30.0
1 30.0
1 30.0
1 30.0
1 30.0
1 30.0
1 30.0
1 30.0
1 30.0
1 30.0
1 30.0
1 40.0
1 40.0
1 40.20025625
1 40.0
1 40.0
1 40.0
1 40.0
1 40.0
1 40.0
1 40.0
1 40.0
1 40.0
1 40.0
1 40.0
1 40.0
1 40.0
1 40.0
1 40.0
1 40.0
1 40.0
1 50.0
1 50.0
1 50.20286016
1 50.0
1 50.0
1 50.0
1 50.0
1 50.0
1 50.0
1 50.0
1 50.0
1 50.0
1 50.0
1 50.0
1 50.0
1 50.0
1 50.0
1 50.0
1 50.0
1 50.0
1 60.0
1 60.0
1 60.20729809
1 60.0
1 60.0
1 60.0
1 60.0
1 60.0
1 60.0
1 60.0
1 60.0
1 60.0
1 60.0
1 60.0
1 60.0
1 60.0
1 60.0
1 60.0
1 60.0
1 60.0
1 70.0
1 70.0
1 70.23222761
1 70.0
1 70.0
1 70.0
1 70.0
1 70.0
1 70.0
1 70.0
1 70.0
1 70.0
1 70.0
1 70.0
1 70.0
1 70.0
1 70.0
1 70.0
1 70.0
1 70.0
1 80.0
1 80.0
1 80.25999801
1 80.0
1 80.0
1 80.0
1 80.0
1 80.0
1 80.0
1 80.0
1 80.0
1 80.0
1 80.0
1 80.0
1 80.0
1 80.0
1 80.0
1 80.0
1 80.0
1 80.0
1 90.0
1 90.0
1 90.28090000000000004
1 90.0
1 90.0
1 90.0
1 90.0
1 90.0
1 90.0
1 90.0
1 90.0
1 90.0
1 90.0
1 90.0
1 90.0
1 90.0
1 90.0
1 90.0
1 90.0
1 90.0
1 100.0
1 100.0
1 100.31606884
1 100.0
1 100.0
1 100.0
1 100.0
1 100.0
1 100.0
1 100.0
1 100.0
1 100.0
1 100.0
1 100.0
1 100.0
1 100.0
1 100.0
1 100.0
1 100.0
1 100.0
1 110.0
1 110.0
1 110.33779344000000006
1 110.0
1 110.0
1 110.0
1 110.0
1 110.0
1 110.0
1 110.0
1 110.0
1 110.0
1 110.0
1 110.0
1 110.0
1 110.0
1 110.0
1 110.0
1 110.0
1 110.0
1 120.0
1 120.0
1 120.38539264
1 120.0
1 120.0
1 120.0
1 120.0
1 120.0
1 120.0
1 120.0
1 120.0
1 120.0
1 120.0
1 120.0
1 120.0
1 120.0
1 120.0
1 120.0
1 120.0
1 120.0
1 130.0
1 130.0
1 130.0
1 130.0
1 130.0
1 130.0
1 130.0
1 130.0
1 130.0
1 130.0
1 130.0
1 130.0
1 130.0
1 130.0
1 130.0
1 130.0
1 130.0
1 130.0
1 130.0
1 130.0
2 00.0
2 00.0
2 00.0
2 00.0
2 00.0
2 00.0
2 00.0
2 00.0
2 00.0
2 00.0
2 00.0
2 00.0
2 00.0
2 00.0
2 00.0
2 00.0
2 00.0
2 00.0
2 00.0
2 00.0
2 10.0
2 10.0
2 10.0
2 10.0
2 10.0
2 10.0
2 10.0
2 10.0
2 10.0
2 10.0
2 10.0
2 10.0
2 10.0
2 10.0
2 10.0
2 10.0
2 10.0
2 10.0
2 10.0
2 10.0
2 20.0
2 20.0
2 20.41190724000000006
2 20.0
2 20.0
2 20.0
2 20.0
2 20.0
2 20.0
2 20.0
2 20.0
2 20.0
2 20.0
2 20.0
2 20.0
2 20.0
2 20.0
2 20.0
2 20.0
2 20.0
2 30.0
2 30.0
2 30.20611600000000002
2 30.0
2 30.0
2 30.0
2 30.0
2 30.0
2 30.0
2 30.0
2 30.0
2 30.0
2 30.0
2 30.0
2 30.0
2 30.0
2 30.0
2 30.0
2 30.0
2 30.0
2 40.0
2 40.0
2 40.21224449
2 40.0
2 40.0
2 40.0
2 40.0
2 40.0
2 40.0
2 40.0
2 40.0
2 40.0
2 40.0
2 40.0
2 40.0
2 40.0
2 40.0
2 40.0
2 40.0
2 40.0
2 50.0
2 50.0
2 50.21316689
2 50.0
2 50.0
2 50.0
2 50.0
2 50.0
2 50.0
2 50.0
2 50.0
2 50.0
2 50.0
2 50.0
2 50.0
2 50.0
2 50.0
2 50.0
2 50.0
2 50.0
2 60.0
2 60.0
2 60.21483225000000003
2 60.0
2 60.0
2 60.0
2 60.0
2 60.0
2 60.0
2 60.0
2 60.0
2 60.0
2 60.0
2 60.0
2 60.0
2 60.0
2 60.0
2 60.0
2 60.0
2 60.0
2 70.0
2 70.0
2 70.23251684000000003
2 70.0
2 70.0
2 70.0
2 70.0
2 70.0
2 70.0
2 70.0
2 70.0
2 70.0
2 70.0
2 70.0
2 70.0
2 70.0
2 70.0
2 70.0
2 70.0
2 70.0
2 80.0
2 80.0
2 80.25877569000000006
2 80.0
2 80.0
2 80.0
2 80.0
2 80.0
2 80.0
2 80.0
2 80.0
2 80.0
2 80.0
2 80.0
2 80.0
2 80.0
2 80.0
2 80.0
2 80.0
2 80.0
2 90.0
2 90.0
2 90.29289744
2 90.0
2 90.0
2 90.0
2 90.0
2 90.0
2 90.0
2 90.0
2 90.0
2 90.0
2 90.0
2 90.0
2 90.0
2 90.0
2 90.0
2 90.0
2 90.0
2 90.0
2 100.0
2 100.0
2 100.31047184000000005
2 100.0
2 100.0
2 100.0
2 100.0
2 100.0
2 100.0
2 100.0
2 100.0
2 100.0
2 100.0
2 100.0
2 100.0
2 100.0
2 100.0
2 100.0
2 100.0
2 100.0
2 110.0
2 110.0
2 110.35188623999999996
2 110.0
2 110.0
2 110.0
2 110.0
2 110.0
2 110.0
2 110.0
2 110.0
2 110.0
2 110.0
2 110.0
2 110.0
2 110.0
2 110.0
2 110.0
2 110.0
2 110.0
2 120.0
2 120.0
2 120.38093583999999997
2 120.0
2 120.0
2 120.0
2 120.0
2 120.0
2 120.0
2 120.0
2 120.0
2 120.0
2 120.0
2 120.0
2 120.0
2 120.0
2 120.0
2 120.0
2 120.0
2 120.0
2 130.0
2 130.0
2 130.0
2 130.0
2 130.0
2 130.0
2 130.0
2 130.0
2 130.0
2 130.0
2 130.0
2 130.0
2 130.0
2 130.0
2 130.0
2 130.0
2 130.0
2 130.0
2 130.0
2 130.0
3 00.0
3 00.0
3 00.0
3 00.0
3 00.0
3 00.0
3 00.0
3 00.0
3 00.0
3 00.0
3 00.0
3 00.0
3 00.0
3 00.0
3 00.0
3 00.0
3 00.0
3 00.0
3 00.0
3 00.0
3 10.0
3 10.0
3 10.0
3 10.0
3 10.0
3 10.0
3 10.0
3 10.0
3 10.0
3 10.0
3 10.0
3 10.0
3 10.0
3 10.0
3 10.0
3 10.0
3 10.0
3 10.0
3 10.0
3 10.0
3 20.0
3 20.0
3 20.0
3 20.0
3 20.0
3 20.0
3 20.0
3 20.0
3 20.0
3 20.0
3 20.0
3 20.0
3 20.0
3 20.0
3 20.0
3 20.0
3 20.0
3 20.0
3 20.0
3 20.0
3 30.0
3 30.0
3 30.4300736400000001
3 30.0
3 30.0
3 30.0
3 30.0
3 30.0
3 30.0
3 30.0
3 30.0
3 30.0
3 30.0
3 30.0
3 30.0
3 30.0
3 30.0
3 30.0
3 30.0
3 30.0
3 40.0
3 40.0
3 40.22335076
3 40.0
3 40.0
3 40.0
3 40.0
3 40.0
3 40.0
3 40.0
3 40.0
3 40.0
3 40.0
3 40.0
3 40.0
3 40.0
3 40.0
3 40.0
3 40.0
3 40.0
3 50.0
3 50.0
3 50.23097636000000002
3 50.0
3 50.0
3 50.0
3 50.0
3 50.0
3 50.0
3 50.0
3 50.0
3 50.0
3 50.0
3 50.0
3 50.0
3 50.0
3 50.0
3 50.0
3 50.0
3 50.0
3 60.0
3 60.0
3 60.23609881
3 60.0
3 60.0
3 60.0
3 60.0
3 60.0
3 60.0
3 60.0
3 60.0
3 60.0
3 60.0
3 60.0
3 60.0
3 60.0
3 60.0
3 60.0
3 60.0
3 60.0
3 70.0
3 70.0
3 70.25826724
3 70.0
3 70.0
3 70.0
3 70.0
3 70.0
3 70.0
3 70.0
3 70.0
3 70.0
3 70.0
3 70.0
3 70.0
3 70.0
3 70.0
3 70.0
3 70.0
3 70.0
3 80.0
3 80.0
3 80.26594649000000004
3 80.0
3 80.0
3 80.0
3 80.0
3 80.0
3 80.0
3 80.0
3 80.0
3 80.0
3 80.0
3 80.0
3 80.0
3 80.0
3 80.0
3 80.0
3 80.0
3 80.0
3 90.0
3 90.0
3 90.29430625
3 90.0
3 90.0
3 90.0
3 90.0
3 90.0
3 90.0
3 90.0
3 90.0
3 90.0
3 90.0
3 90.0
3 90.0
3 90.0
3 90.0
3 90.0
3 90.0
3 90.0
3 100.0
3 100.0
3 100.31708161000000007
3 100.0
3 100.0
3 100.0
3 100.0
3 100.0
3 100.0
3 100.0
3 100.0
3 100.0
3 100.0
3 100.0
3 100.0
3 100.0
3 100.0
3 100.0
3 100.0
3 100.0
3 110.0
3 110.0
3 110.35952016000000003
3 110.0
3 110.0
3 110.0
3 110.0
3 110.0
3 110.0
3 110.0
3 110.0
3 110.0
3 110.0
3 110.0
3 110.0
3 110.0
3 110.0
3 110.0
3 110.0
3 110.0
3 120.0
3 120.0
3 120.40564161000000004
3 120.0
3 120.0
3 120.0
3 120.0
3 120.0
3 120.0
3 120.0
3 120.0
3 120.0
3 120.0
3 120.0
3 120.0
3 120.0
3 120.0
3 120.0
3 120.0
3 120.0
3 130.0
3 130.0
3 130.0
3 130.0
3 130.0
3 130.0
3 130.0
3 130.0
3 130.0
3 130.0
3 130.0
3 130.0
3 130.0
3 130.0
3 130.0
3 130.0
3 130.0
3 130.0
3 130.0
3 130.0
4 00.0
4 00.0
4 00.0
4 00.0
4 00.0
4 00.0
4 00.0
4 00.0
4 00.0
4 00.0
4 00.0
4 00.0
4 00.0
4 00.0
4 00.0
4 00.0
4 00.0
4 00.0
4 00.0
4 00.0
4 10.0
4 10.0
4 10.0
4 10.0
4 10.0
4 10.0
4 10.0
4 10.0
4 10.0
4 10.0
4 10.0
4 10.0
4 10.0
4 10.0
4 10.0
4 10.0
4 10.0
4 10.0
4 10.0
4 10.0
4 20.0
4 20.0
4 20.0
4 20.0
4 20.0
4 20.0
4 20.0
4 20.0
4 20.0
4 20.0
4 20.0
4 20.0
4 20.0
4 20.0
4 20.0
4 20.0
4 20.0
4 20.0
4 20.0
4 20.0
4 30.0
4 30.0
4 30.0
4 30.0
4 30.0
4 30.0
4 30.0
4 30.0
4 30.0
4 30.0
4 30.0
4 30.0
4 30.0
4 30.0
4 30.0
4 30.0
4 30.0
4 30.0
4 30.0
4 30.0
4 40.0
4 40.0
4 40.46403344
4 40.0
4 40.0
4 40.0
4 40.0
4 40.0
4 40.0
4 40.0
4 40.0
4 40.0
4 40.0
4 40.0
4 40.0
4 40.0
4 40.0
4 40.0
4 40.0
4 40.0
4 50.0
4 50.0
4 50.23600164
4 50.0
4 50.0
4 50.0
4 50.0
4 50.0
4 50.0
4 50.0
4 50.0
4 50.0
4 50.0
4 50.0
4 50.0
4 50.0
4 50.0
4 50.0
4 50.0
4 50.0
4 60.0
4 60.0
4 60.25492401000000003
4 60.0
4 60.0
4 60.0
4 60.0
4 60.0
4 60.0
4 60.0
4 60.0
4 60.0
4 60.0
4 60.0
4 60.0
4 60.0
4 60.0
4 60.0
4 60.0
4 60.0
4 70.0
4 70.0
4 70.27331984000000004
4 70.0
4 70.0
4 70.0
4 70.0
4 70.0
4 70.0
4 70.0
4 70.0
4 70.0
4 70.0
4 70.0
4 70.0
4 70.0
4 70.0
4 70.0
4 70.0
4 70.0
4 80.0
4 80.0
4 80.2849424400000001
4 80.0
4 80.0
4 80.0
4 80.0
4 80.0
4 80.0
4 80.0
4 80.0
4 80.0
4 80.0
4 80.0
4 80.0
4 80.0
4 80.0
4 80.0
4 80.0
4 80.0
4 90.0
4 90.0
4 90.29778848999999996
4 90.0
4 90.0
4 90.0
4 90.0
4 90.0
4 90.0
4 90.0
4 90.0
4 90.0
4 90.0
4 90.0
4 90.0
4 90.0
4 90.0
4 90.0
4 90.0
4 90.0
4 100.0
4 100.0
4 100.33177599999999996
4 100.0
4 100.0
4 100.0
4 100.0
4 100.0
4 100.0
4 100.0
4 100.0
4 100.0
4 100.0
4 100.0
4 100.0
4 100.0
4 100.0
4 100.0
4 100.0
4 100.0
4 110.0
4 110.0
4 110.35462025
4 110.0
4 110.0
4 110.0
4 110.0
4 110.0
4 110.0
4 110.0
4 110.0
4 110.0
4 110.0
4 110.0
4 110.0
4 110.0
4 110.0
4 110.0
4 110.0
4 110.0
4 120.0
4 120.0
4 120.4001827600000001
4 120.0
4 120.0
4 120.0
4 120.0
4 120.0
4 120.0
4 120.0
4 120.0
4 120.0
4 120.0
4 120.0
4 120.0
4 120.0
4 120.0
4 120.0
4 120.0
4 120.0
4 130.0
4 130.0
4 130.0
4 130.0
4 130.0
4 130.0
4 130.0
4 130.0
4 130.0
4 130.0
4 130.0
4 130.0
4 130.0
4 130.0
4 130.0
4 130.0
4 130.0
4 130.0
4 130.0
4 130.0
5 00.0
5 00.0
5 00.0
5 00.0
5 00.0
5 00.0
5 00.0
5 00.0
5 00.0
5 00.0
5 00.0
5 00.0
5 00.0
5 00.0
5 00.0
5 00.0
5 00.0
5 00.0
5 00.0
5 00.0
5 10.0
5 10.0
5 10.0
5 10.0
5 10.0
5 10.0
5 10.0
5 10.0
5 10.0
5 10.0
5 10.0
5 10.0
5 10.0
5 10.0
5 10.0
5 10.0
5 10.0
5 10.0
5 10.0
5 10.0
5 20.0
5 20.0
5 20.0
5 20.0
5 20.0
5 20.0
5 20.0
5 20.0
5 20.0
5 20.0
5 20.0
5 20.0
5 20.0
5 20.0
5 20.0
5 20.0
5 20.0
5 20.0
5 20.0
5 20.0
5 30.0
5 30.0
5 30.0
5 30.0
5 30.0
5 30.0
5 30.0
5 30.0
5 30.0
5 30.0
5 30.0
5 30.0
5 30.0
5 30.0
5 30.0
5 30.0
5 30.0
5 30.0
5 30.0
5 30.0
5 40.0
5 40.0
5 40.0
5 40.0
5 40.0
5 40.0
5 40.0
5 40.0
5 40.0
5 40.0
5 40.0
5 40.0
5 40.0
5 40.0
5 40.0
5 40.0
5 40.0
5 40.0
5 40.0
5 40.0
5 50.0
5 50.0
5 50.49942489
5 50.0
5 50.0
5 50.0
5 50.0
5 50.0
5 50.0
5 50.0
5 50.0
5 50.0
5 50.0
5 50.0
5 50.0
5 50.0
5 50.0
5 50.0
5 50.0
5 50.0
5 60.0
5 60.0
5 60.26132543999999996
5 60.0
5 60.0
5 60.0
5 60.0
5 60.0
5 60.0
5 60.0
5 60.0
5 60.0
5 60.0
5 60.0
5 60.0
5 60.0
5 60.0
5 60.0
5 60.0
5 60.0
5 70.0
5 70.0
5 70.28174864000000005
5 70.0
5 70.0
5 70.0
5 70.0
5 70.0
5 70.0
5 70.0
5 70.0
5 70.0
5 70.0
5 70.0
5 70.0
5 70.0
5 70.0
5 70.0
5 70.0
5 70.0
5 80.0
5 80.0
5 80.30470400000000003
5 80.0
5 80.0
5 80.0
5 80.0
5 80.0
5 80.0
5 80.0
5 80.0
5 80.0
5 80.0
5 80.0
5 80.0
5 80.0
5 80.0
5 80.0
5 80.0
5 80.0
5 90.0
5 90.0
5 90.32489999999999997
5 90.0
5 90.0
5 90.0
5 90.0
5 90.0
5 90.0
5 90.0
5 90.0
5 90.0
5 90.0
5 90.0
5 90.0
5 90.0
5 90.0
5 90.0
5 90.0
5 90.0
5 100.0
5 100.0
5 100.3365160099999999
5 100.0
5 100.0
5 100.0
5 100.0
5 100.0
5 100.0
5 100.0
5 100.0
5 100.0
5 100.0
5 100.0
5 100.0
5 100.0
5 100.0
5 100.0
5 100.0
5 100.0
5 110.0
5 110.0
5 110.38093583999999997
5 110.0
5 110.0
5 110.0
5 110.0
5 110.0
5 110.0
5 110.0
5 110.0
5 110.0
5 110.0
5 110.0
5 110.0
5 110.0
5 110.0
5 110.0
5 110.0
5 110.0
5 120.0
5 120.0
5 120.41011215999999995
5 120.0
5 120.0
5 120.0
5 120.0
5 120.0
5 120.0
5 120.0
5 120.0
5 120.0
5 120.0
5 120.0
5 120.0
5 120.0
5 120.0
5 120.0
5 120.0
5 120.0
5 130.0
5 130.0
5 130.0
5 130.0
5 130.0
5 130.0
5 130.0
5 130.0
5 130.0
5 130.0
5 130.0
5 130.0
5 130.0
5 130.0
5 130.0
5 130.0
5 130.0
5 130.0
5 130.0
5 130.0
6 00.0
6 00.0
6 00.0
6 00.0
6 00.0
6 00.0
6 00.0
6 00.0
6 00.0
6 00.0
6 00.0
6 00.0
6 00.0
6 00.0
6 00.0
6 00.0
6 00.0
6 00.0
6 00.0
6 00.0
6 10.0
6 10.0
6 10.0
6 10.0
6 10.0
6 10.0
6 10.0
6 10.0
6 10.0
6 10.0
6 10.0
6 10.0
6 10.0
6 10.0
6 10.0
6 10.0
6 10.0
6 10.0
6 10.0
6 10.0
6 20.0
6 20.0
6 20.0
6 20.0
6 20.0
6 20.0
6 20.0
6 20.0
6 20.0
6 20.0
6 20.0
6 20.0
6 20.0
6 20.0
6 20.0
6 20.0
6 20.0
6 20.0
6 20.0
6 20.0
6 30.0
6 30.0
6 30.0
6 30.0
6 30.0
6 30.0
6 30.0
6 30.0
6 30.0
6 30.0
6 30.0
6 30.0
6 30.0
6 30.0
6 30.0
6 30.0
6 30.0
6 30.0
6 30.0
6 30.0
6 40.0
6 40.0
6 40.0
6 40.0
6 40.0
6 40.0
6 40.0
6 40.0
6 40.0
6 40.0
6 40.0
6 40.0
6 40.0
6 40.0
6 40.0
6 40.0
6 40.0
6 40.0
6 40.0
6 40.0
6 50.0
6 50.0
6 50.0
6 50.0
6 50.0
6 50.0
6 50.0
6 50.0
6 50.0
6 50.0
6 50.0
6 50.0
6 50.0
6 50.0
6 50.0
6 50.0
6 50.0
6 50.0
6 50.0
6 50.0
6 60.0
6 60.0
6 60.5498222500000001
6 60.0
6 60.0
6 60.0
6 60.0
6 60.0
6 60.0
6 60.0
6 60.0
6 60.0
6 60.0
6 60.0
6 60.0
6 60.0
6 60.0
6 60.0
6 60.0
6 60.0
6 70.0
6 70.0
6 70.30316035999999996
6 70.0
6 70.0
6 70.0
6 70.0
6 70.0
6 70.0
6 70.0
6 70.0
6 70.0
6 70.0
6 70.0
6 70.0
6 70.0
6 70.0
6 70.0
6 70.0
6 70.0
6 80.0
6 80.0
6 80.3203559999999999
6 80.0
6 80.0
6 80.0
6 80.0
6 80.0
6 80.0
6 80.0
6 80.0
6 80.0
6 80.0
6 80.0
6 80.0
6 80.0
6 80.0
6 80.0
6 80.0
6 80.0
6 90.0
6 90.0
6 90.3364
6 90.0
6 90.0
6 90.0
6 90.0
6 90.0
6 90.0
6 90.0
6 90.0
6 90.0
6 90.0
6 90.0
6 90.0
6 90.0
6 90.0
6 90.0
6 90.0
6 90.0
6 100.0
6 100.0
6 100.36180225000000005
6 100.0
6 100.0
6 100.0
6 100.0
6 100.0
6 100.0
6 100.0
6 100.0
6 100.0
6 100.0
6 100.0
6 100.0
6 100.0
6 100.0
6 100.0
6 100.0
6 100.0
6 110.0
6 110.0
6 110.38675961000000003
6 110.0
6 110.0
6 110.0
6 110.0
6 110.0
6 110.0
6 110.0
6 110.0
6 110.0
6 110.0
6 110.0
6 110.0
6 110.0
6 110.0
6 110.0
6 110.0
6 110.0
6 120.0
6 120.0
6 120.43283241000000006
6 120.0
6 120.0
6 120.0
6 120.0
6 120.0
6 120.0
6 120.0
6 120.0
6 120.0
6 120.0
6 120.0
6 120.0
6 120.0
6 120.0
6 120.0
6 120.0
6 120.0
6 130.0
6 130.0
6 130.0
6 130.0
6 130.0
6 130.0
6 130.0
6 130.0
6 130.0
6 130.0
6 130.0
6 130.0
6 130.0
6 130.0
6 130.0
6 130.0
6 130.0
6 130.0
6 130.0
6 130.0
7 00.0
7 00.0
7 00.0
7 00.0
7 00.0
7 00.0
7 00.0
7 00.0
7 00.0
7 00.0
7 00.0
7 00.0
7 00.0
7 00.0
7 00.0
7 00.0
7 00.0
7 00.0
7 00.0
7 00.0
7 10.0
7 10.0
7 10.0
7 10.0
7 10.0
7 10.0
7 10.0
7 10.0
7 10.0
7 10.0
7 10.0
7 10.0
7 10.0
7 10.0
7 10.0
7 10.0
7 10.0
7 10.0
7 10.0
7 10.0
7 20.0
7 20.0
7 20.0
7 20.0
7 20.0
7 20.0
7 20.0
7 20.0
7 20.0
7 20.0
7 20.0
7 20.0
7 20.0
7 20.0
7 20.0
7 20.0
7 20.0
7 20.0
7 20.0
7 20.0
7 30.0
7 30.0
7 30.0
7 30.0
7 30.0
7 30.0
7 30.0
7 30.0
7 30.0
7 30.0
7 30.0
7 30.0
7 30.0
7 30.0
7 30.0
7 30.0
7 30.0
7 30.0
7 30.0
7 30.0
7 40.0
7 40.0
7 40.0
7 40.0
7 40.0
7 40.0
7 40.0
7 40.0
7 40.0
7 40.0
7 40.0
7 40.0
7 40.0
7 40.0
7 40.0
7 40.0
7 40.0
7 40.0
7 40.0
7 40.0
7 50.0
7 50.0
7 50.0
7 50.0
7 50.0
7 50.0
7 50.0
7 50.0
7 50.0
7 50.0
7 50.0
7 50.0
7 50.0
7 50.0
7 50.0
7 50.0
7 50.0
7 50.0
7 50.0
7 50.0
7 60.0
7 60.0
7 60.0
7 60.0
7 60.0
7 60.0
7 60.0
7 60.0
7 60.0
7 60.0
7 60.0
7 60.0
7 60.0
7 60.0
7 60.0
7 60.0
7 60.0
7 60.0
7 60.0
7 60.0
7 70.0
7 70.0
7 70.57501889
7 70.0
7 70.0
7 70.0
7 70.0
7 70.0
7 70.0
7 70.0
7 70.0
7 70.0
7 70.0
7 70.0
7 70.0
7 70.0
7 70.0
7 70.0
7 70.0
7 70.0
7 80.0
7 80.0
7 80.34786404
7 80.0
7 80.0
7 80.0
7 80.0
7 80.0
7 80.0
7 80.0
7 80.0
7 80.0
7 80.0
7 80.0
7 80.0
7 80.0
7 80.0
7 80.0
7 80.0
7 80.0
7 90.0
7 90.0
7 90.35581225000000005
7 90.0
7 90.0
7 90.0
7 90.0
7 90.0
7 90.0
7 90.0
7 90.0
7 90.0
7 90.0
7 90.0
7 90.0
7 90.0
7 90.0
7 90.0
7 90.0
7 90.0
7 100.0
7 100.0
7 100.389376
7 100.0
7 100.0
7 100.0
7 100.0
7 100.0
7 100.0
7 100.0
7 100.0
7 100.0
7 100.0
7 100.0
7 100.0
7 100.0
7 100.0
7 100.0
7 100.0
7 100.0
7 110.0
7 110.0
7 110.41938575999999994
7 110.0
7 110.0
7 110.0
7 110.0
7 110.0
7 110.0
7 110.0
7 110.0
7 110.0
7 110.0
7 110.0
7 110.0
7 110.0
7 110.0
7 110.0
7 110.0
7 110.0
7 120.0
7 120.0
7 120.44542276
7 120.0
7 120.0
7 120.0
7 120.0
7 120.0
7 120.0
7 120.0
7 120.0
7 120.0
7 120.0
7 120.0
7 120.0
7 120.0
7 120.0
7 120.0
7 120.0
7 120.0
7 130.0
7 130.0
7 130.0
7 130.0
7 130.0
7 130.0
7 130.0
7 130.0
7 130.0
7 130.0
7 130.0
7 130.0
7 130.0
7 130.0
7 130.0
7 130.0
7 130.0
7 130.0
7 130.0
7 130.0
8 00.0
8 00.0
8 00.0
8 00.0
8 00.0
8 00.0
8 00.0
8 00.0
8 00.0
8 00.0
8 00.0
8 00.0
8 00.0
8 00.0
8 00.0
8 00.0
8 00.0
8 00.0
8 00.0
8 00.0
8 10.0
8 10.0
8 10.0
8 10.0
8 10.0
8 10.0
8 10.0
8 10.0
8 10.0
8 10.0
8 10.0
8 10.0
8 10.0
8 10.0
8 10.0
8 10.0
8 10.0
8 10.0
8 10.0
8 10.0
8 20.0
8 20.0
8 20.0
8 20.0
8 20.0
8 20.0
8 20.0
8 20.0
8 20.0
8 20.0
8 20.0
8 20.0
8 20.0
8 20.0
8 20.0
8 20.0
8 20.0
8 20.0
8 20.0
8 20.0
8 30.0
8 30.0
8 30.0
8 30.0
8 30.0
8 30.0
8 30.0
8 30.0
8 30.0
8 30.0
8 30.0
8 30.0
8 30.0
8 30.0
8 30.0
8 30.0
8 30.0
8 30.0
8 30.0
8 30.0
8 40.0
8 40.0
8 40.0
8 40.0
8 40.0
8 40.0
8 40.0
8 40.0
8 40.0
8 40.0
8 40.0
8 40.0
8 40.0
8 40.0
8 40.0
8 40.0
8 40.0
8 40.0
8 40.0
8 40.0
8 50.0
8 50.0
8 50.0
8 50.0
8 50.0
8 50.0
8 50.0
8 50.0
8 50.0
8 50.0
8 50.0
8 50.0
8 50.0
8 50.0
8 50.0
8 50.0
8 50.0
8 50.0
8 50.0
8 50.0
8 60.0
8 60.0
8 60.0
8 60.0
8 60.0
8 60.0
8 60.0
8 60.0
8 60.0
8 60.0
8 60.0
8 60.0
8 60.0
8 60.0
8 60.0
8 60.0
8 60.0
8 60.0
8 60.0
8 60.0
8 70.0
8 70.0
8 70.0
8 70.0
8 70.0
8 70.0
8 70.0
8 70.0
8 70.0
8 70.0
8 70.0
8 70.0
8 70.0
8 70.0
8 70.0
8 70.0
8 70.0
8 70.0
8 70.0
8 70.0
8 80.0
8 80.0
8 80.6027969599999999
8 80.0
8 80.0
8 80.0
8 80.0
8 80.0
8 80.0
8 80.0
8 80.0
8 80.0
8 80.0
8 80.0
8 80.0
8 80.0
8 80.0
8 80.0
8 80.0
8 80.0
8 90.0
8 90.0
8 90.38738175999999996
8 90.0
8 90.0
8 90.0
8 90.0
8 90.0
8 90.0
8 90.0
8 90.0
8 90.0
8 90.0
8 90.0
8 90.0
8 90.0
8 90.0
8 90.0
8 90.0
8 90.0
8 100.0
8 100.0
8 100.40717161
8 100.0
8 100.0
8 100.0
8 100.0
8 100.0
8 100.0
8 100.0
8 100.0
8 100.0
8 100.0
8 100.0
8 100.0
8 100.0
8 100.0
8 100.0
8 100.0
8 100.0
8 110.0
8 110.0
8 110.43797924000000005
8 110.0
8 110.0
8 110.0
8 110.0
8 110.0
8 110.0
8 110.0
8 110.0
8 110.0
8 110.0
8 110.0
8 110.0
8 110.0
8 110.0
8 110.0
8 110.0
8 110.0
8 120.0
8 120.0
8 120.47100769000000003
8 120.0
8 120.0
8 120.0
8 120.0
8 120.0
8 120.0
8 120.0
8 120.0
8 120.0
8 120.0
8 120.0
8 120.0
8 120.0
8 120.0
8 120.0
8 120.0
8 120.0
8 130.0
8 130.0
8 130.0
8 130.0
8 130.0
8 130.0
8 130.0
8 130.0
8 130.0
8 130.0
8 130.0
8 130.0
8 130.0
8 130.0
8 130.0
8 130.0
8 130.0
8 130.0
8 130.0
8 130.0
9 00.0
9 00.0
9 00.0
9 00.0
9 00.0
9 00.0
9 00.0
9 00.0
9 00.0
9 00.0
9 00.0
9 00.0
9 00.0
9 00.0
9 00.0
9 00.0
9 00.0
9 00.0
9 00.0
9 00.0
9 10.0
9 10.0
9 10.0
9 10.0
9 10.0
9 10.0
9 10.0
9 10.0
9 10.0
9 10.0
9 10.0
9 10.0
9 10.0
9 10.0
9 10.0
9 10.0
9 10.0
9 10.0
9 10.0
9 10.0
9 20.0
9 20.0
9 20.0
9 20.0
9 20.0
9 20.0
9 20.0
9 20.0
9 20.0
9 20.0
9 20.0
9 20.0
9 20.0
9 20.0
9 20.0
9 20.0
9 20.0
9 20.0
9 20.0
9 20.0
9 30.0
9 30.0
9 30.0
9 30.0
9 30.0
9 30.0
9 30.0
9 30.0
9 30.0
9 30.0
9 30.0
9 30.0
9 30.0
9 30.0
9 30.0
9 30.0
9 30.0
9 30.0
9 30.0
9 30.0
9 40.0
9 40.0
9 40.0
9 40.0
9 40.0
9 40.0
9 40.0
9 40.0
9 40.0
9 40.0
9 40.0
9 40.0
9 40.0
9 40.0
9 40.0
9 40.0
9 40.0
9 40.0
9 40.0
9 40.0
9 50.0
9 50.0
9 50.0
9 50.0
9 50.0
9 50.0
9 50.0
9 50.0
9 50.0
9 50.0
9 50.0
9 50.0
9 50.0
9 50.0
9 50.0
9 50.0
9 50.0
9 50.0
9 50.0
9 50.0
9 60.0
9 60.0
9 60.0
9 60.0
9 60.0
9 60.0
9 60.0
9 60.0
9 60.0
9 60.0
9 60.0
9 60.0
9 60.0
9 60.0
9 60.0
9 60.0
9 60.0
9 60.0
9 60.0
9 60.0
9 70.0
9 70.0
9 70.0
9 70.0
9 70.0
9 70.0
9 70.0
9 70.0
9 70.0
9 70.0
9 70.0
9 70.0
9 70.0
9 70.0
9 70.0
9 70.0
9 70.0
9 70.0
9 70.0
9 70.0
9 80.0
9 80.0
9 80.0
9 80.0
9 80.0
9 80.0
9 80.0
9 80.0
9 80.0
9 80.0
9 80.0
9 80.0
9 80.0
9 80.0
9 80.0
9 80.0
9 80.0
9 80.0
9 80.0
9 80.0
9 90.0
9 90.0
9 90.6480250000000001
9 90.0
9 90.0
9 90.0
9 90.0
9 90.0
9 90.0
9 90.0
9 90.0
9 90.0
9 90.0
9 90.0
9 90.0
9 90.0
9 90.0
9 90.0
9 90.0
9 90.0
9 100.0
9 100.0
9 100.42484324000000007
9 100.0
9 100.0
9 100.0
9 100.0
9 100.0
9 100.0
9 100.0
9 100.0
9 100.0
9 100.0
9 100.0
9 100.0
9 100.0
9 100.0
9 100.0
9 100.0
9 100.0
9 110.0
9 110.0
9 110.45104656
9 110.0
9 110.0
9 110.0
9 110.0
9 110.0
9 110.0
9 110.0
9 110.0
9 110.0
9 110.0
9 110.0
9 110.0
9 110.0
9 110.0
9 110.0
9 110.0
9 110.0
9 120.0
9 120.0
9 120.47817225
9 120.0
9 120.0
9 120.0
9 120.0
9 120.0
9 120.0
9 120.0
9 120.0
9 120.0
9 120.0
9 120.0
9 120.0
9 120.0
9 120.0
9 120.0
9 120.0
9 120.0
9 130.0
9 130.0
9 130.0
9 130.0
9 130.0
9 130.0
9 130.0
9 130.0
9 130.0
9 130.0
9 130.0
9 130.0
9 130.0
9 130.0
9 130.0
9 130.0
9 130.0
9 130.0
9 130.0
9 130.0
10 00.0
10 00.0
10 00.0
10 00.0
10 00.0
10 00.0
10 00.0
10 00.0
10 00.0
10 00.0
10 00.0
10 00.0
10 00.0
10 00.0
10 00.0
10 00.0
10 00.0
10 00.0
10 00.0
10 00.0
10 10.0
10 10.0
10 10.0
10 10.0
10 10.0
10 10.0
10 10.0
10 10.0
10 10.0
10 10.0
10 10.0
10 10.0
10 10.0
10 10.0
10 10.0
10 10.0
10 10.0
10 10.0
10 10.0
10 10.0
10 20.0
10 20.0
10 20.0
10 20.0
10 20.0
10 20.0
10 20.0
10 20.0
10 20.0
10 20.0
10 20.0
10 20.0
10 20.0
10 20.0
10 20.0
10 20.0
10 20.0
10 20.0
10 20.0
10 20.0
10 30.0
10 30.0
10 30.0
10 30.0
10 30.0
10 30.0
10 30.0
10 30.0
10 30.0
10 30.0
10 30.0
10 30.0
10 30.0
10 30.0
10 30.0
10 30.0
10 30.0
10 30.0
10 30.0
10 30.0
10 40.0
10 40.0
10 40.0
10 40.0
10 40.0
10 40.0
10 40.0
10 40.0
10 40.0
10 40.0
10 40.0
10 40.0
10 40.0
10 40.0
10 40.0
10 40.0
10 40.0
10 40.0
10 40.0
10 40.0
10 50.0
10 50.0
10 50.0
10 50.0
10 50.0
10 50.0
10 50.0
10 50.0
10 50.0
10 50.0
10 50.0
10 50.0
10 50.0
10 50.0
10 50.0
10 50.0
10 50.0
10 50.0
10 50.0
10 50.0
10 60.0
10 60.0
10 60.0
10 60.0
10 60.0
10 60.0
10 60.0
10 60.0
10 60.0
10 60.0
10 60.0
10 60.0
10 60.0
10 60.0
10 60.0
10 60.0
10 60.0
10 60.0
10 60.0
10 60.0
10 70.0
10 70.0
10 70.0
10 70.0
10 70.0
10 70.0
10 70.0
10 70.0
10 70.0
10 70.0
10 70.0
10 70.0
10 70.0
10 70.0
10 70.0
10 70.0
10 70.0
10 70.0
10 70.0
10 70.0
10 80.0
10 80.0
10 80.0
10 80.0
10 80.0
10 80.0
10 80.0
10 80.0
10 80.0
10 80.0
10 80.0
10 80.0
10 80.0
10 80.0
10 80.0
10 80.0
10 80.0
10 80.0
10 80.0
10 80.0
10 90.0
10 90.0
10 90.0
10 90.0
10 90.0
10 90.0
10 90.0
10 90.0
10 90.0
10 90.0
10 90.0
10 90.0
10 90.0
10 90.0
10 90.0
10 90.0
10 90.0
10 90.0
10 90.0
10 90.0
10 100.0
10 100.0
10 100.68807025
10 100.0
10 100.0
10 100.0
10 100.0
10 100.0
10 100.0
10 100.0
10 100.0
10 100.0
10 100.0
10 100.0
10 100.0
10 100.0
10 100.0
10 100.0
10 100.0
10 100.0
10 110.0
10 110.0
10 110.47720463999999996
10 110.0
10 110.0
10 110.0
10 110.0
10 110.0
10 110.0
10 110.0
10 110.0
10 110.0
10 110.0
10 110.0
10 110.0
10 110.0
10 110.0
10 110.0
10 110.0
10 110.0
10 120.0
10 120.0
10 120.50098084
10 120.0
10 120.0
10 120.0
10 120.0
10 120.0
10 120.0
10 120.0
10 120.0
10 120.0
10 120.0
10 120.0
10 120.0
10 120.0
10 120.0
10 120.0
10 120.0
10 120.0
10 130.0
10 130.0
10 130.0
10 130.0
10 130.0
10 130.0
10 130.0
10 130.0
10 130.0
10 130.0
10 130.0
10 130.0
10 130.0
10 130.0
10 130.0
10 130.0
10 130.0
10 130.0
10 130.0
10 130.0
11 00.0
11 00.0
11 00.0
11 00.0
11 00.0
11 00.0
11 00.0
11 00.0
11 00.0
11 00.0
11 00.0
11 00.0
11 00.0
11 00.0
11 00.0
11 00.0
11 00.0
11 00.0
11 00.0
11 00.0
11 10.0
11 10.0
11 10.0
11 10.0
11 10.0
11 10.0
11 10.0
11 10.0
11 10.0
11 10.0
11 10.0
11 10.0
11 10.0
11 10.0
11 10.0
11 10.0
11 10.0
11 10.0
11 10.0
11 10.0
11 20.0
11 20.0
11 20.0
11 20.0
11 20.0
11 20.0
11 20.0
11 20.0
11 20.0
11 20.0
11 20.0
11 20.0
11 20.0
11 20.0
11 20.0
11 20.0
11 20.0
11 20.0
11 20.0
11 20.0
11 30.0
11 30.0
11 30.0
11 30.0
11 30.0
11 30.0
11 30.0
11 30.0
11 30.0
11 30.0
11 30.0
11 30.0
11 30.0
11 30.0
11 30.0
11 30.0
11 30.0
11 30.0
11 30.0
11 30.0
11 40.0
11 40.0
11 40.0
11 40.0
11 40.0
11 40.0
11 40.0
11 40.0
11 40.0
11 40.0
11 40.0
11 40.0
11 40.0
11 40.0
11 40.0
11 40.0
11 40.0
11 40.0
11 40.0
11 40.0
11 50.0
11 50.0
11 50.0
11 50.0
11 50.0
11 50.0
11 50.0
11 50.0
11 50.0
11 50.0
11 50.0
11 50.0
11 50.0
11 50.0
11 50.0
11 50.0
11 50.0
11 50.0
11 50.0
11 50.0
11 60.0
11 60.0
11 60.0
11 60.0
11 60.0
11 60.0
11 60.0
11 60.0
11 60.0
11 60.0
11 60.0
11 60.0
11 60.0
11 60.0
11 60.0
11 60.0
11 60.0
11 60.0
11 60.0
11 60.0
11 70.0
11 70.0
11 70.0
11 70.0
11 70.0
11 70.0
11 70.0
11 70.0
11 70.0
11 70.0
11 70.0
11 70.0
11 70.0
11 70.0
11 70.0
11 70.0
11 70.0
11 70.0
11 70.0
11 70.0
11 80.0
11 80.0
11 80.0
11 80.0
11 80.0
11 80.0
11 80.0
11 80.0
11 80.0
11 80.0
11 80.0
11 80.0
11 80.0
11 80.0
11 80.0
11 80.0
11 80.0
11 80.0
11 80.0
11 80.0
11 90.0
11 90.0
11 90.0
11 90.0
11 90.0
11 90.0
11 90.0
11 90.0
11 90.0
11 90.0
11 90.0
11 90.0
11 90.0
11 90.0
11 90.0
11 90.0
11 90.0
11 90.0
11 90.0
11 90.0
11 100.0
11 100.0
11 100.0
11 100.0
11 100.0
11 100.0
11 100.0
11 100.0
11 100.0
11 100.0
11 100.0
11 100.0
11 100.0
11 100.0
11 100.0
11 100.0
11 100.0
11 100.0
11 100.0
11 100.0
11 110.0
11 110.0
11 110.7294868099999999
11 110.0
11 110.0
11 110.0
11 110.0
11 110.0
11 110.0
11 110.0
11 110.0
11 110.0
11 110.0
11 110.0
11 110.0
11 110.0
11 110.0
11 110.0
11 110.0
11 110.0
11 120.0
11 120.0
11 120.51624225
11 120.0
11 120.0
11 120.0
11 120.0
11 120.0
11 120.0
11 120.0
11 120.0
11 120.0
11 120.0
11 120.0
11 120.0
11 120.0
11 120.0
11 120.0
11 120.0
11 120.0
11 130.0
11 130.0
11 130.0
11 130.0
11 130.0
11 130.0
11 130.0
11 130.0
11 130.0
11 130.0
11 130.0
11 130.0
11 130.0
11 130.0
11 130.0
11 130.0
11 130.0
11 130.0
11 130.0
11 130.0
12 00.0
12 00.0
12 00.0
12 00.0
12 00.0
12 00.0
12 00.0
12 00.0
12 00.0
12 00.0
12 00.0
12 00.0
12 00.0
12 00.0
12 00.0
12 00.0
12 00.0
12 00.0
12 00.0
12 00.0
12 10.0
12 10.0
12 10.0
12 10.0
12 10.0
12 10.0
12 10.0
12 10.0
12 10.0
12 10.0
12 10.0
12 10.0
12 10.0
12 10.0
12 10.0
12 10.0
12 10.0
12 10.0
12 10.0
12 10.0
12 20.0
12 20.0
12 20.0
12 20.0
12 20.0
12 20.0
12 20.0
12 20.0
12 20.0
12 20.0
12 20.0
12 20.0
12 20.0
12 20.0
12 20.0
12 20.0
12 20.0
12 20.0
12 20.0
12 20.0
12 30.0
12 30.0
12 30.0
12 30.0
12 30.0
12 30.0
12 30.0
12 30.0
12 30.0
12 30.0
12 30.0
12 30.0
12 30.0
12 30.0
12 30.0
12 30.0
12 30.0
12 30.0
12 30.0
12 30.0
12 40.0
12 40.0
12 40.0
12 40.0
12 40.0
12 40.0
12 40.0
12 40.0
12 40.0
12 40.0
12 40.0
12 40.0
12 40.0
12 40.0
12 40.0
12 40.0
12 40.0
12 40.0
12 40.0
12 40.0
12 50.0
12 50.0
12 50.0
12 50.0
12 50.0
12 50.0
12 50.0
12 50.0
12 50.0
12 50.0
12 50.0
12 50.0
12 50.0
12 50.0
12 50.0
12 50.0
12 50.0
12 50.0
12 50.0
12 50.0
12 60.0
12 60.0
12 60.0
12 60.0
12 60.0
12 60.0
12 60.0
12 60.0
12 60.0
12 60.0
12 60.0
12 60.0
12 60.0
12 60.0
12 60.0
12 60.0
12 60.0
12 60.0
12 60.0
12 60.0
12 70.0
12 70.0
12 70.0
12 70.0
12 70.0
12 70.0
12 70.0
12 70.0
12 70.0
12 70.0
12 70.0
12 70.0
12 70.0
12 70.0
12 70.0
12 70.0
12 70.0
12 70.0
12 70.0
12 70.0
12 80.0
12 80.0
12 80.0
12 80.0
12 80.0
12 80.0
12 80.0
12 80.0
12 80.0
12 80.0
12 80.0
12 80.0
12 80.0
12 80.0
12 80.0
12 80.0
12 80.0
12 80.0
12 80.0
12 80.0
12 90.0
12 90.0
12 90.0
12 90.0
12 90.0
12 90.0
12 90.0
12 90.0
12 90.0
12 90.0
12 90.0
12 90.0
12 90.0
12 90.0
12 90.0
12 90.0
12 90.0
12 90.0
12 90.0
12 90.0
12 100.0
12 100.0
12 100.0
12 100.0
12 100.0
12 100.0
12 100.0
12 100.0
12 100.0
12 100.0
12 100.0
12 100.0
12 100.0
12 100.0
12 100.0
12 100.0
12 100.0
12 100.0
12 100.0
12 100.0
12 110.0
12 110.0
12 110.0
12 110.0
12 110.0
12 110.0
12 110.0
12 110.0
12 110.0
12 110.0
12 110.0
12 110.0
12 110.0
12 110.0
12 110.0
12 110.0
12 110.0
12 110.0
12 110.0
12 110.0
12 120.0
12 120.0
12 120.76282756
12 120.0
12 120.0
12 120.0
12 120.0
12 120.0
12 120.0
12 120.0
12 120.0
12 120.0
12 120.0
12 120.0
12 120.0
12 120.0
12 120.0
12 120.0
12 120.0
12 120.0
12 130.0
12 130.0
12 130.0
12 130.0
12 130.0
12 130.0
12 130.0
12 130.0
12 130.0
12 130.0
12 130.0
12 130.0
12 130.0
12 130.0
12 130.0
12 130.0
12 130.0
12 130.0
12 130.0
12 130.0
13 00.0
13 00.0
13 00.0
13 00.0
13 00.0
13 00.0
13 00.0
13 00.0
13 00.0
13 00.0
13 00.0
13 00.0
13 00.0
13 00.0
13 00.0
13 00.0
13 00.0
13 00.0
13 00.0
13 00.0
13 10.0
13 10.0
13 10.0
13 10.0
13 10.0
13 10.0
13 10.0
13 10.0
13 10.0
13 10.0
13 10.0
13 10.0
13 10.0
13 10.0
13 10.0
13 10.0
13 10.0
13 10.0
13 10.0
13 10.0
13 20.0
13 20.0
13 20.0
13 20.0
13 20.0
13 20.0
13 20.0
13 20.0
13 20.0
13 20.0
13 20.0
13 20.0
13 20.0
13 20.0
13 20.0
13 20.0
13 20.0
13 20.0
13 20.0
13 20.0
13 30.0
13 30.0
13 30.0
13 30.0
13 30.0
13 30.0
13 30.0
13 30.0
13 30.0
13 30.0
13 30.0
13 30.0
13 30.0
13 30.0
13 30.0
13 30.0
13 30.0
13 30.0
13 30.0
13 30.0
13 40.0
13 40.0
13 40.0
13 40.0
13 40.0
13 40.0
13 40.0
13 40.0
13 40.0
13 40.0
13 40.0
13 40.0
13 40.0
13 40.0
13 40.0
13 40.0
13 40.0
13 40.0
13 40.0
13 40.0
13 50.0
13 50.0
13 50.0
13 50.0
13 50.0
13 50.0
13 50.0
13 50.0
13 50.0
13 50.0
13 50.0
13 50.0
13 50.0
13 50.0
13 50.0
13 50.0
13 50.0
13 50.0
13 50.0
13 50.0
13 60.0
13 60.0
13 60.0
13 60.0
13 60.0
13 60.0
13 60.0
13 60.0
13 60.0
13 60.0
13 60.0
13 60.0
13 60.0
13 60.0
13 60.0
13 60.0
13 60.0
13 60.0
13 60.0
13 60.0
13 70.0
13 70.0
13 70.0
13 70.0
13 70.0
13 70.0
13 70.0
13 70.0
13 70.0
13 70.0
13 70.0
13 70.0
13 70.0
13 70.0
13 70.0
13 70.0
13 70.0
13 70.0
13 70.0
13 70.0
13 80.0
13 80.0
13 80.0
13 80.0
13 80.0
13 80.0
13 80.0
13 80.0
13 80.0
13 80.0
13 80.0
13 80.0
13 80.0
13 80.0
13 80.0
13 80.0
13 80.0
13 80.0
13 80.0
13 80.0
13 90.0
13 90.0
13 90.0
13 90.0
13 90.0
13 90.0
13 90.0
13 90.0
13 90.0
13 90.0
13 90.0
13 90.0
13 90.0
13 90.0
13 90.0
13 90.0
13 90.0
13 90.0
13 90.0
13 90.0
13 100.0
13 100.0
13 100.0
13 100.0
13 100.0
13 100.0
13 100.0
13 100.0
13 100.0
13 100.0
13 100.0
13 100.0
13 100.0
13 100.0
13 100.0
13 100.0
13 100.0
13 100.0
13 100.0
13 100.0
13 110.0
13 110.0
13 110.0
13 110.0
13 110.0
13 110.0
13 110.0
13 110.0
13 110.0
13 110.0
13 110.0
13 110.0
13 110.0
13 110.0
13 110.0
13 110.0
13 110.0
13 110.0
13 110.0
13 110.0
13 120.0
13 120.0
13 120.0
13 120.0
13 120.0
13 120.0
13 120.0
13 120.0
13 120.0
13 120.0
13 120.0
13 120.0
13 120.0
13 120.0
13 120.0
13 120.0
13 120.0
13 120.0
13 120.0
13 120.0
13 130.0
13 130.0
13 130.0
13 130.0
13 130.0
13 130.0
13 130.0
13 130.0
13 130.0
13 130.0
13 130.0
13 130.0
13 130.0
13 130.0
13 130.0
13 130.0
13 130.0
13 130.0
13 130.0
13 130.0
